0.492789
0.494191
0.486775
0.488196
0.504841
0.484952
0.492295
0.496294
0.515136
0.486788
0.489282
0.491133
0.508524
0.511004
0.503926
0.488913
0.497463
0.511428
0.497079
0.498071
0.491717
0.492774
0.495948
0.489511
0.492828
0.494809
0.497129
0.491492
0.486038
0.509049
0.498167
0.497848
0.493224
0.489675
0.502318
0.489352
0.498513
0.486447
0.494666
0.504548
0.498668
0.499906
0.48664
0.498098
0.50001
0.503239
0.512855
0.492196
0.486538
0.503762
0.493291
0.48941
0.491357
0.49981
0.487852
0.499606
0.485541
0.485728
0.494149
0.493063
0.499321
0.490748
0.489838
0.515861
0.485756
0.495421
0.49596
0.49729
0.499433
0.495719
0.487605
0.487083
0.485831
0.485794
0.496237
0.499559
0.486326
0.504506
0.514061
0.499834
0.493502
0.489218
0.49035
0.500852
0.495245
0.489175
0.497681
0.499784
0.499021
0.515259
0.497325
0.503813
0.504148
0.486676
0.512722
0.498017
0.493781
0.494109
0.48542
0.491914
0.499237
0.507717
0.492137
0.50558
0.48909
0.496437
0.500032
0.487846
0.502128
0.490153
0.485968
0.485186
0.491451
0.499743
0.499887
0.495258
0.490209
0.494186
0.503196
0.497444
0.505947
0.506575
0.497837
0.50934
0.497431
0.487589
0.502022
0.501528
0.512096
0.492026
0.499627
0.492005
0.498944
0.497882
0.489062
0.506538
0.497717
0.514657
0.499508
0.509295
0.493274
0.507998
0.4908
0.483103
0.499933
0.50061
0.509682
0.503083
0.511364
0.48888
0.499284
0.501373
0.486699
0.497372
0.493337
0.487875
0.4914
0.495706
0.513144
0.492734
0.493633
0.487512
0.48945
0.498385
0.490539
0.485193
0.494319
0.511172
0.498168
0.493071
0.500547
0.493423
0.487404
0.511641
0.497417
0.491779
0.49188
0.499818
0.48601
0.495686
0.497355
0.497845
0.498168
0.490065
0.513168
0.49684
0.485241
0.488783
0.497298
0.496437
0.507799
0.491936
0.499088
0.493277
0.50916
0.485249
0.488158
0.508431
0.501277
0.48844
0.496811
0.487844
0.507613
0.487605
0.494892
0.494416
0.490065
0.506057
0.489175
0.492258
0.495452
0.504159
0.498046
0.485075
0.507911
0.491917
0.493969
0.493672
0.493841
0.493553
0.49643
0.488852
0.488589
0.495384
0.513253
0.491457
0.491697
0.493937
0.487188
0.513326
0.499499
0.487416
0.502145
0.497225
0.487721
0.487554
0.49863
0.495036
0.486846
0.492644
0.496261
0.49027
0.49177
0.490211
0.501714
0.509766
0.495362
0.503466
0.493856
0.513478
0.49737
0.486861
0.498914
0.487327
0.497878
0.497215
0.497299
0.503834
0.505322
0.491994
0.497619
0.514076
0.490154
0.488286
0.491944
0.485866
0.51339
0.490033
0.489505
0.505368
0.496564
0.488465
0.489864
0.50744
0.492378
0.495704
0.491898
0.485631
0.497388
0.514291
0.498256
0.491439
0.491222
0.49553
0.491997
0.487867
0.512243
0.49755
0.49916
0.508101
0.493074
0.491623
0.490154
0.498029
0.49654
0.498661
0.492583
0.494991
0.490113
0.515211
0.485531
0.495891
0.496594
0.497679
0.493066
0.503748
0.512809
0.505375
0.506417
0.499406
0.491019
0.497822
0.504495
0.512184
0.497467
0.498829
0.493748
0.488038
0.492581
0.485667
0.486985
0.498475
0.491282
0.487561
0.510974
0.493555
0.494417
0.487353
0.502962
0.490791
0.488925
0.487231
0.50962
0.491007
0.499369
0.509596
0.49469
0.492556
0.498559
0.513611
0.485708
0.515714
0.50968
0.49527
0.50142
0.493007
0.494582
0.511745
0.491004
0.495042
0.488492
0.492248
0.515412
0.487459
0.48877
0.492481
0.492212
0.499994
0.487164
0.489422
0.498284
0.485848
0.512407
0.497748
0.485136
0.48575
0.489207
0.5115
0.505086
0.499358
0.48681
0.51134
0.497225
0.488231
0.503586
0.489626
0.499521
0.500202
0.493277
0.503564
0.487231
0.504239
0.490731
0.501656
0.496698
0.497106
0.497762
0.507145
0.515483
0.486706
0.512694
0.497104
0.488559
0.489585
0.512282
0.490031
0.499294
0.489827
0.491552
0.49185
0.498897
0.491219
0.503138
0.497801
0.49748
0.500358
0.486089
0.485102
0.511231
0.512543
0.497865
0.492098
0.493322
0.493347
0.486026
0.485917
0.503861
0.50555
0.492584
0.493656
0.503334
0.497911
0.505022
0.503156
0.494142
0.495596
0.51246
0.499785
0.510715
0.490692
0.486031
0.500104
0.492417
0.503935
0.489858
0.493869
0.496121
0.499771
0.492045
0.48516
0.49474
0.503917
0.496301
0.496205
0.505221
0.496734
0.487929
0.488446
0.504166
0.486853
0.504099
0.490185
0.49912
0.49254
0.500474
0.493398
0.500575
0.486243
0.49322
0.486478
0.495024
0.496597
0.514415
0.49116
0.497782
0.490079
0.490147
0.491094
0.497891
0.491954
0.490697
0.486945
0.510321
0.484969
0.496781
0.5121
0.494812
0.509587
0.486591
0.487878
0.488259
0.495603
0.511983
0.496984
0.512112
0.503936
0.488617
0.504048
0.512122
0.497795
0.490536
0.491751
0.493211
0.49595
0.496463
0.489867
0.50699
0.508249
0.486978
0.488106
0.505126
0.49813
0.494001
0.496049
0.512152
0.486998
0.496123
0.495774
0.502033
0.494205
0.510082
0.502704
0.50169
0.495688
0.486599
0.487283
0.486958
0.495736
0.512021
0.49084
0.499812
0.48572
0.488189
0.489651
0.505455
0.505946
0.499262
0.485187
0.486598
0.512118
0.48085
0.497155
0.497787
0.507586
0.485413
0.486902
0.503444
0.489779
0.499668
0.509613
0.487975
0.489463
0.499534
0.48644
0.494703
0.489128
0.490563
0.491739
0.507798
0.500466
0.501285
0.493353
0.509654
0.493259
0.486915
0.502783
0.494304
0.493313
0.494731
0.497578
0.492027
0.488133
0.503404
0.49526
0.502221
0.487257
0.4939
0.493559
0.494422
0.487146
0.494735
0.512458
0.505877
0.50712
0.514499
0.488172
0.495738
0.498234
0.493655
0.513894
0.493044
0.495238
0.503446
0.48917
0.491155
0.501921
0.48917
0.507545
0.503312
0.487725
0.490744
0.499728
0.4976
0.49045
0.49191
0.492296
0.507951
0.499607
0.507345
0.505897
0.497109
0.513864
0.506651
0.499704
0.492318
0.486681
0.487453
0.491146
0.501865
0.512572
0.491438
0.487048
0.506395
0.494088
0.513459
0.485628
0.48802
0.490545
0.494595
0.49697
0.493081
0.495497
0.499085
0.484898
0.513873
0.491618
0.513936
0.498288
0.492683
0.511981
0.499766
0.495156
0.495345
0.490896
0.500022
0.491763
0.487931
0.487296
0.487923
0.496662
0.495823
0.491288
0.485609
0.494483
0.494638
0.487843
0.489097
0.497724
0.491793
0.5019
0.488211
0.497623
0.492978
0.499872
0.492968
0.492776
0.508988
0.492104
0.515314
0.490707
0.495226
0.501335
0.500089
0.513774
0.497206
0.489084
0.495334
0.497715
0.496394
0.495565
0.48675
0.510767
0.511449
0.505018
0.488981
0.495974
0.488081
0.497105
0.496018
0.498526
0.489013
0.48892
0.501482
0.493211
0.501845
0.487944
0.497572
0.507572
0.493743
0.486532
0.487147
0.487356
0.497292
0.509628
0.50967
0.485067
0.493701
0.499349
0.4919
0.492892
0.487629
0.489644
0.498249
0.513368
0.489673
0.496357
0.49276
0.511667
0.487646
0.485973
0.487567
0.48652
0.504682
0.497668
0.491304
0.495041
0.495722
0.497411
0.492559
0.485611
0.487548
0.504083
0.489665
0.491458
0.515177
0.492216
0.491766
0.508814
0.500475
0.509523
0.495072
0.488025
0.497341
0.499417
0.485353
0.485893
0.495011
0.487826
0.48829
0.487971
0.488072
0.496221
0.490013
0.491782
0.508369
0.499672
0.49953
0.48691
0.486947
0.493605
0.495398
0.495916
0.497125
0.512157
0.488188
0.499449
0.513781
0.497686
0.505632
0.490461
0.489815
0.49764
0.488002
0.507731
0.494076
0.489593
0.4972
0.487468
0.504401
0.496176
0.490376
0.499227
0.510352
0.513687
0.495451
0.489199
0.507778
0.495603
0.487581
0.506122
0.485811
0.513654
0.496118
0.489042
0.496007
0.499659
0.485162
0.508022
0.493689
0.498646
0.488677
0.505613
0.512843
0.505192
0.496625
0.503863
0.502803
0.494073
0.49759
0.512851
0.497844
0.507203
0.490241
0.488851
0.500501
0.490743
0.490338
0.50595
0.497011
0.490443
0.497624
0.489584
0.498284
0.49037
0.497816
0.497744
0.497339
0.488999
0.49802
0.499101
0.494187
0.494957
0.514523
0.51383
0.494956
0.48729
0.490421
0.489484
0.48904
0.489297
0.496499
0.498261
0.49799
0.49398
0.492326
0.496416
0.497139
0.514822
0.497465
0.485836
0.512415
0.496149
0.487086
0.511309
0.49675
0.495222
0.494565
0.509651
0.495014
0.495436
0.488287
0.512139
0.497852
0.490905
0.48967
0.489238
0.485123
0.498791
0.490546
0.484384
0.486219
0.489182
0.49282
0.501165
0.493147
0.485816
0.488286
0.49557
0.48974
0.4911
0.493204
0.49481
0.513382
0.514495
0.500922
0.487168
0.497665
0.514474
0.506787
0.50267
0.51057
0.510115
0.50447
0.499807
0.510633
0.490014
0.499411
0.491987
0.508824
0.49661
0.498222
0.492154
0.50024
0.484806
0.502602
0.486934
0.488644
0.489719
0.492174
0.494327
0.497719
0.49774
0.497731
0.493688
0.494118
0.494557
0.497251
0.496861
0.489076
0.496579
0.488484
0.513253
0.489096
0.499829
0.49943
0.508459
0.485779
0.495274
0.487081
0.502824
0.485384
0.50732
0.498231
0.503803
0.488161
0.487084
0.496322
0.48765
0.490815
0.51601
0.499174
0.494568
0.495698
0.501891
0.510577
0.487622
0.495904
0.494366
0.486348
0.486812
0.488752
0.492335
0.492017
0.515403
0.49394
0.511109
0.497835
0.511995
0.490096
0.491999
0.494698
0.508238
0.492673
0.515559
0.498479
0.500235
0.500762
0.498398
0.497739
0.499969
0.497777
0.504025
0.488131
0.498211
0.501738
0.493892
0.512267
0.503243
0.495666
0.495002
0.486928
0.496339
0.497338
0.484466
0.495774
0.491018
0.512471
0.488943
0.499486
0.485014
0.508328
0.493339
0.487033
0.489495
0.498091
0.500077
0.510668
0.497852
0.485618
0.496497
0.489075
0.488148
0.495377
0.487723
0.48851
0.515448
0.497879
0.508111
0.493426
0.495567
0.502627
0.511523
0.488026
0.494659
0.495922
0.497375
0.491247
0.506157
0.507337
0.507278
0.498012
0.490534
0.498693
0.49003
0.494342
0.502281
0.487571
0.507259
0.485389
0.486215
0.487856
0.506489
0.497479
0.496976
0.491203
0.495172
0.504478
0.499212
0.494262
0.487762
0.511123
0.502976
0.493299
0.5081
0.485506
0.509869
0.497254
0.484993
0.48856
0.491589
0.490954
0.505629
0.492044
0.50188
0.485507
0.502651
0.486221
0.497675
0.498581
0.498796
0.507561
0.499474
0.510092
0.485729
0.494421
0.502178
0.49478
0.488601
0.490457
0.506581
0.490435
0.507961
0.497835
0.490747
0.4991
0.493733
0.495648
0.49389
0.494937
0.495706







































































































































































































































































































































































































































































































































































































































































































































































































































































































































































































































