0.5
0.5036044121
0.4843730927
0.5003740788
0.5058550835
0.5000770092
0.500002861
0.4999995232
0.5112063885
0.484380722
0.4970693588
0.4999978542
0.5003859997
0.5003936291
0.5000023842
0.5003831387
0.5000002384
0.5000083447
0.500392437
0.5003654957
0.5000050068
0.5001416206
0.5013253689
0.500377655
0.5003817081
0.4999976158
0.507484436
0.5000040531
0.5003554821
0.5003669262
0.5003750324
0.5003664494
0.484762907
0.5003621578
0.5003936291
0.5003972054
0.5062258244
0.5003762245
0.5156290531
0.4970242977
0.4845168591
0.5001368523
0.5003650188
0.4999969006
0.5003638268
0.5003523827
0.5000081062
0.5003583431
0.4999997616
0.4972383976
0.5114188194
0.4991645813
0.4884960651
0.5003912449
0.5001444817
0.500002861
0.5000061989
0.5003983974
0.500382185
0.500187397
0.5007622242
0.4987421036
0.4999997616
0.500002861
0.5001094341
0.5003578663
0.5003876686
0.5000009537
0.5072402954
0.4999980927
0.5017149448
0.5003848076
0.5062987804
0.4843785763
0.4992716312
0.5018348694
0.5000023842
0.4999997616
0.5156290531
0.4843754768
0.5000588894
0.5003769398
0.5000019073
0.5003993511
0.5000097752
0.5003535748
0.5001680851
0.5001645088
0.5003912449
0.5044536591
0.5003931522
0.5003893375
0.5003907681
0.4878635406
0.5000641346
0.5004000664
0.5000393391
0.5108139515
0.5003921986
0.5003774166
0.5156276226
0.4844727516
0.5000016689
0.5003769398
0.5003526211
0.5003778934
0.5000119209
0.5003743172
0.5003633499
0.5139765739
0.4847531319
0.5003728867
0.5002155304
0.5106625557
0.5003812313
0.4843761921
0.5003740788
0.5003974438
0.5003635883
0.5157380104
0.4847784042
0.4993758202
0.5003819466
0.5072882175
0.4846446514
0.5003886223
0.5040669441
0.5003886223
0.5156309605
0.4847064018
0.5000851154
0.5100717545
0.5000004768
0.4843728542
0.5000259876
0.5097503662
0.4997184277
0.5156960487
0.4847595692
0.5000002384
0.5000321865
0.5003862381
0.5000011921
0.515630722
0.4843745232
0.5000054836
0.5113563538
0.4843764305
0.515619278
0.4847679138
0.5000033379
0.5000030994
0.5000004768
0.5000030994
0.500392437
0.5003912449
0.5000014305
0.500002861
0.4932618141
0.5003943443
0.5000019073
0.5000562668
0.5003788471
0.5000071526
0.4999995232
0.500005722
0.5000047684
0.5000026226
0.5000033379
0.500159502
0.5014424324
0.5000059605
0.5003905296
0.5003666878
0.5003871918
0.5042653084
0.5004000664
0.5000035763
0.5029220581
0.5000007153
0.5000002384
0.4973905087
0.5001423359
0.5092220306
0.4847722054
0.5000016689
0.5000030994
0.5000014305
0.5000224113
0.5003671646
0.5001952648
0.5000026226
0.4984505177
0.4968698025
0.5002727509
0.5000290871
0.4999947548
0.5003910065
0.5003638268
0.5070669651
0.5000054836
0.5000050068
0.5003535748
0.50000453
0.4984462261
0.5060889721
0.4843754768
0.5002186298
0.5090298653
0.5003936291
0.5
0.4999976158
0.5000035763
0.5003838539
0.5003831387
0.5003778934
0.5048456192
0.4847712517
0.5138847828
0.5000038147
0.5000052452
0.4910547733
0.5023782253
0.5000436306
0.5000035763
0.5003650188
0.4937872887
0.5002682209
0.5003788471
0.5003798008
0.4996576309
0.5112242699
0.5017282963
0.4847612381
0.5001397133
0.500333786
0.5000772476
0.4999978542
0.5083048344
0.5000374317
0.500348568
0.4920639992
0.5003783703
0.5063531399
0.5003736019
0.5003666878
0.5000052452
0.500367403
0.5000014305
0.5003771782
0.5029280186
0.4968972206
0.4996409416
0.5003991127
0.5003199577
0.5003795624
0.4991788864
0.4999990463
0.5078339577
0.4847598076
0.5003089905
0.5066170692
0.50000453
0.5003802776
0.5000331402
0.5003862381
0.5156900883
0.4846923351
0.4982917309
0.5000004768
0.4911661148
0.505399704
0.5160155296
0.4941105843
0.5003967285
0.5003743172
0.4847691059
0.5156428814
0.4843730927
0.4999997616
0.5003755093
0.5003581047
0.5000030994
0.5061898232
0.4999980927
0.5003902912
0.5158119202
0.4847669601
0.5000710487
0.5060811043
0.4999976158
0.5003790855
0.5000002384
0.5003812313
0.4846220016
0.5003881454
0.5068087578
0.4999964237
0.5003919601
0.5000047684
0.5000195503
0.5003874302
0.5067410469
0.5001718998
0.5003900528
0.4841258526
0.5129146576
0.4954698086
0.5003490448
0.5057983398
0.500392437
0.5000047684
0.5003926754
0.5018911362
0.4849805832
0.5000069141
0.5014364719
0.5003731251
0.5002725124
0.5003752708
0.4971065521
0.5097329617
0.5003740788
0.5003631115
0.5074577332
0.4843780994
0.5003833771
0.4999990463
0.5003788471
0.5096564293
0.5001008511
0.5003886223
0.5003857613
0.500389576
0.4942038059
0.5000207424
0.5156958103
0.4846742153
0.5003767014
0.5003914833
0.5000095367
0.5005645752
0.4999995232
0.5000023842
0.5001068115
0.5160045624
0.5000212193
0.4847631454
0.49999547
0.5000128746
0.4999978542
0.499620676
0.5053915977
0.4844360352
0.4999969006
0.5018715858
0.5098426342
0.4887461662
0.4999945164
0.4999973774
0.5004034042
0.5002987385
0.5000035763
0.5003812313
0.4986233711
0.5003840923
0.5003678799
0.500382185
0.5003962517
0.5002388954
0.5003905296
0.5000293255
0.5000810623
0.5159816742
0.4840805531
0.5003852844
0.4999995232
0.5013802052
0.5003893375
0.4981992245
0.4999969006
0.499052763
0.4999978542
0.5123653412
0.4844810963
0.5003933907
0.5001349449
0.500030756
0.4999973774
0.5003919601
0.5000338554
0.5000813007
0.5003883839
0.5051035881
0.5000190735
0.5000030994
0.5003950596
0.5003929138
0.5000002384
0.5003786087
0.5003802776
0.5156252384
0.4847660065
0.5003848076
0.5003464222
0.4999995232
0.5003685951
0.49999547
0.50035429
0.5156335831
0.4847643375
0.5000393391
0.500002861
0.5063686371
0.4846231937
0.4999947548
0.5000007153
0.5000050068
0.5000174046
0.4985992908
0.5156259537
0.4843845367
0.5003609657
0.5003819466
0.5004022121
0.5160059929
0.484762907
0.5159995556
0.4847521782
0.5160017014
0.4853799343
0.500002861
0.5000007153
0.5000143051
0.5000050068
0.5065543652
0.50000453
0.4971313477
0.5004014969
0.5003600121
0.5003871918
0.5003838539
0.5004053116
0.4999978542
0.5000071526
0.4999768734
0.5003898144
0.500387907
0.5069766045
0.4847586155
0.5000221729
0.5003907681
0.5048875809
0.50218606
0.5003819466
0.5051686764
0.488795042
0.5156257153
0.4843747616
0.5003840923
0.5001864433
0.5160079002
0.4847552776
0.5000009537
0.5003736019
0.5004098415
0.5004007816
0.5160055161
0.4843816757
0.5003814697
0.5003857613
0.5003905296
0.4999916553
0.5003635883
0.5003926754
0.5003790855
0.5000002384
0.5000209808
0.4926681519
0.5
0.5003800392
0.5003783703
0.5023345947
0.499171257
0.5049695969
0.5120258331
0.4847755432
0.5003774166
0.5156302452
0.4843771458
0.5
0.5081117153
0.5156297684
0.4843716621
0.500002861
0.4901385307
0.5208644867
0.4872465134
0.5005922318
0.5001163483
0.500074625
0.5000047684
0.506203413
0.4847762585
0.5003809929
0.5003826618
0.4996221066
0.5003902912
0.5003995895
0.5069048405
0.5000002384
0.5000052452
0.5000052452
0.5103678703
0.4847567081
0.5003921986
0.5156261921
0.5000107288
0.480006218
0.500108242
0.5003614426
0.5000021458
0.5003714561
0.5000030994
0.5003688335
0.5003881454
0.5000009537
0.4999992847
0.5003771782
0.5000824928
0.4967439175
0.499997139
0.5003781319
0.5000021458
0.4999959469
0.5243434906
0.4843754768
0.5001380444
0.4906265736
0.5160119534
0.4847488403
0.5003733635
0.5000076294
0.5000071526
0.4999959469
0.5003688335
0.4999980927
0.5000145435
0.5000069141
0.5003874302
0.5003800392
0.500254631
0.5003960133
0.5000061989
0.500377655
0.5003712177
0.5003910065
0.5000050068
0.5070493221
0.5003883839
0.500005722
0.5003757477
0.5003941059
0.5000009537
0.4999995232
0.500005722
0.5000052452
0.5003743172
0.5000200272
0.4937007427
0.5156402588
0.4847517014
0.5003967285
0.4999992847
0.5003802776
0.5057880878
0.4847598076
0.5086648464
0.5003917217
0.4997985363
0.5061614513
0.4847464561
0.5003714561
0.5002207756
0.5000035763
0.5160098076
0.4843776226
0.4999995232
0.5000011921
0.5159487724
0.4843759537
0.5000069141
0.5004017353
0.5003874302
0.5003786087
0.5000751019
0.5156261921
0.4919292927
0.4901316166
0.5000066757
0.5000107288
0.5056500435
0.4999978542
0.5156350136
0.4843754768
0.5142397881
0.4843780994
0.5001525879
0.5000030994
0.5156259537
0.4845285416
0.516010046
0.5003864765
0.4843811989
0.5000066757
0.5000162125
0.5003979206
0.5003669262
0.4999935627
0.5003848076
0.500015974
0.5003650188
0.4983611107
0.5000362396
0.500357151
0.5081410408
0.5003919601
0.5003929138
0.4863834381
0.5
0.4999871254
0.5000023842
0.5056955814
0.5000822544
0.5000789165
0.5
0.5003790855
0.500385046
0.4999966621
0.5193638802
0.4790332317
0.5147476196
0.4847667217
0.4999990463
0.5000004768
0.5000050068
0.497635603
0.5000078678
0.5003681183
0.5003759861
0.5003707409
0.5003840923
0.5000360012
0.5003740788
0.4999969006
0.5003905296
0.5003769398
0.5000026226
0.500389576
0.5003807545
0.5001616478
0.5000061989
0.5156171322
0.4845354557
0.4999969006
0.5003612041
0.5000975132
0.5000002384
0.5003650188
0.5000879765
0.500357151
0.5000004768
0.4912154675
0.5156300068
0.4844634533
0.5002310276
0.5003702641
0.503619194
0.5003752708
0.5003299713
0.4999992847
0.5156276226
0.4843730927
0.5000846386
0.5004582405
0.5003809929
0.5000200272
0.4999918938
0.5000007153
0.5003941059
0.5003869534
0.5000002384
0.5000081062
0.5003843307
0.5003783703
0.5003733635
0.515982151
0.4847662449
0.500377655
0.5000021458
0.5000026226
0.500377655
0.5003957748
0.5002233982
0.4992883205
0.5001430511
0.5003829002
0.4971621037
0.516007185
0.484752655
0.5003547668
0.5003731251
0.5003445148
0.5020551682
0.5003800392
0.5003941059
0.4999930859
0.5160045624
0.4843735695
0.5003867149
0.5000033379
0.5
0.5
0.5003829002
0.5000011921
0.5003795624
0.5000009537
0.5156235695
0.484757185
0.5000050068
0.5003745556
0.5000071526
0.506570816
0.4847347736
0.5003845692
0.5000097752
0.5003798008
0.5089204311
0.4983682632
0.5003864765
0.499997139
0.5003726482
0.5003764629
0.4944941998
0.5004036427
0.5003659725
0.5089821815
0.4999964237
0.4847595692
0.5000014305
0.5000014305
0.5003931522
0.500002861
0.5003962517
0.4999997616
0.4999995232
0.500385046
0.5003783703
0.5000033379
0.5004038811
0.5003876686
0.5081863403
0.488607645
0.5000531673
0.5003933907
0.5000088215
0.5160291195
0.4913249016
0.5004060268
0.5003991127
0.5003614426
0.4994292259
0.500385046
0.5002996922
0.5000019073
0.5000169277
0.5003118515
0.5003736019
0.5003831387
0.492780447
0.5000228882
0.5000424385
0.5003871918
0.5003912449
0.5003745556
0.5156860352
0.4843747616
0.503890276
0.5036149025
0.4856805801
0.5000052452
0.5000095367
0.5003843307
0.5000090599
0.5000004768
0.5003769398
0.5003683567
0.4999969006
0.5002906322
0.5000009537
0.5000140667
0.5003774166
0.5003869534
0.4999978542
0.4972126484
0.5004050732
0.5156254768
0.484285593
0.5317249298
0.4691514969
0.5000991821
0.5038998127
0.5000660419
0.5003805161
0.5003318787
0.5013196468
0.5000133514
0.5156128407
0.4843733311
0.500369072
0.5000762939
0.5002465248
0.5003757477
0.5003914833
0.5000047684
0.5000011921
0.4941310883
0.5030939579
0.5003995895
0.5000014305
0.5001683235
0.5003826618
0.5003867149
0.5003499985
0.5003838539
0.5001170635
0.5000257492
0.5000092983
0.5002338886
0.5247614384
0.4689803123
0.5000014305
0.5000097752
0.5105545521
0.5003769398
0.5000016689
0.5000050068
0.5003597736
0.5003829002
0.4962487221
0.5002846718
0.5003812313
0.5003051758
0.5001773834
0.5003798008
0.5034651756
0.4955089092
0.5001707077
0.5000114441
0.5003933907
0.5000119209
0.5003385544
0.5004062653
0.4999959469
0.4999988079
0.5003812313
0.4999997616
0.5000834465
0.5000023842
0.5003795624
0.5000026226
0.5
0.5003693104
0.515642643
0.4847626686
0.5004086494
0.5003814697
0.5000026226
0.5038983822
0.500398159
0.4847819805
0.5086212158
0.5002889633
0.500377655
0.4999904633
0.4999935627
0.5003888607
0.4913775921
0.4999992847
0.5003492832
0.5002057552
0.5115747452
0.4844155312
0.5028905869
0.5000178814
0.4978516102
0.5003991127
0.500005722
0.500002861
0.5160045624
0.4847736359
0.500007391
0.5003721714
0.5003676414
0.5003907681
0.5003814697
0.5003867149
0.4999978542
0.500005722
0.5003798008
0.5003898144
0.5003781319
0.5033695698
0.5003631115
0.5000104904
0.5002248287
0.5003886223
0.5000007153
0.5003557205
0.5003910065
0.5000741482
0.5000097752
0.4963989258
0.5003108978
0.5003633499
0.500377655
0.5000021458
0.5159814358
0.4846832752
0.499997139
0.5003929138
0.4999983311
0.5003893375
0.4999985695
0.5003709793
0.4999980927
0.5003955364
0.5064170361
0.4847447872
0.4999961853
0.5003786087
0.4996564388
0.5003907681
0.5003902912
0.49999547
0.5000026226
0.5003633499
0.5003726482
0.5000085831
0.5003781319
0.5003805161
0.5001940727
0.5000021458
0.5000030994
0.5003948212
0.5003788471
0.500361681
0.5001966953
0.5034601688
0.499997139
0.515887022
0.4847521782
0.5002689362
0.5008592606
0.5002410412
0.5008785725
0.4991221428
0.5003788471
0.5003886223
0.5000741482
0.5067272186
0.4843842983
0.5002121925
0.5003764629
0.5001754761
0.5003752708
0.4999988079
0.4999988079
0.5003774166
0.5156173706
0.4845690727
0.5003800392
0.5000481606
0.5001347065
0.5000107288
0.4996464252
0.5105390549
0.484688282
0.5044190884
0.5003993511
0.5003931522
0.5003917217
0.5000669956
0.5003790855
0.5003578663
0.5003914833
0.5001268387
0.510774374
0.4843788147
0.4999969006
0.5000107288
0.5003883839
0.500244379
0.5068852901
0.5000007153
0.4900803566
0.5001478195
0.500364542
0.5003790855
0.500374794
0.5003943443
0.5001673698
0.5003015995
0.5071732998
0.5003778934
0.5000016689
0.5000002384
0.49999547
0.500387907
0.4912133217
0.5003771782
0.5003743172
0.5062820911
0.5067090988
0.4999907017
0.5003833771
0.5003767014
0.4847745895
0.516002655
0.4843759537
0.5003664494
0.5000009537
0.5000040531
0.5112709999
0.5000040531
0.5003812313
0.5000007153
0.5003921986
0.5000550747
0.4987199306
0.5003175735
0.500374794
0.4931745529
0.5160355568
0.4899258614
0.5000064373
0.5003736019
0.5003786087
0.5004017353
0.500395298
0.5003769398
0.5000200272
0.4965302944
0.500379324
0.5002677441
0.4999961853
0.5000042915
0.5000178814
0.4999997616
0.5002563
0.4999923706
0.5157668591
0.484372139
0.5003948212
0.4999964237
0.5033142567
0.5003738403
0.4844970703
0.5149650574
0.499427557







































































































































































































































































































































































































































































































































































































































































































































































































































































































































































































































