0.517051
0.486755
0.488003
0.502475
0.505752
0.490725
0.506547
0.506839
0.495517
0.501746
0.499186
0.498903
0.500602
0.495743
0.514343
0.513156
0.482652
0.509976
0.473888
0.512172
0.50487
0.505167
0.493945
0.511471
0.480097
0.51417
0.504856
0.480667
0.509662
0.505098
0.486263
0.514134
0.489755
0.513582
0.476673
0.516371
0.49591
0.495474
0.51416
0.497407
0.491117
0.502706
0.504316
0.492609
0.508787
0.497334
0.498967
0.499885
0.500957
0.505894
0.48549
0.507457
0.504052
0.491581
0.500563
0.504364
0.502467
0.491057
0.486826
0.50474
0.503228
0.505503
0.499051
0.494281
0.526574
0.478234
0.519717
0.48824
0.498469
0.507055
0.483643
0.507623
0.500483
0.503962
0.507583
0.478191
0.513336
0.493212
0.488617
0.535121
0.47984
0.489745
0.519926
0.494889
0.50008
0.495338
0.485417
0.517884
0.5126
0.478702
0.491937
0.503005
0.516873
0.506784
0.46599
0.52414
0.498361
0.514766
0.484355
0.490839
0.509288
0.498652
0.508961
0.494264
0.481183
0.524009
0.511733
0.47344
0.511808
0.499881
0.496358
0.492914
0.510639
0.505306
0.495179
0.48743
0.525685
0.483243
0.501774
0.499714
0.496982
0.50726
0.487746
0.513909
0.497205
0.495281
0.496643
0.495686
0.50634
0.503193
0.502067
0.499406
0.498301
0.497057
0.501279
0.495372
0.508468
0.485662
0.508742
0.492614
0.521694
0.480447
0.483593
0.545179
0.481702
0.487918
0.510694
0.507392
0.49206
0.516384
0.486637
0.502723
0.493503
0.495941
0.510405
0.498043
0.487512
0.49542
0.508869
0.495283
0.520596
0.484182
0.505109
0.491507
0.5065
0.495065
0.507358
0.504856
0.479453
0.52356
0.477881
0.529326
0.477477
0.497765
0.487395
0.507588
0.532474
0.488175
0.491673
0.498812
0.521956
0.483275
0.51349
0.487272
0.497322
0.510631
0.47691
0.51646
0.502891
0.488625
0.493809
0.505505
0.51431
0.481112
0.519428
0.497881
0.477343
0.508587
0.511193
0.506984