0.5156967639923096
0.5157010555267334
0.5000686645507812
0.5159485340118408
0.5156314373016357
0.5156314373016357
0.5156986713409424
0.5156295299530029
0.5156981945037842
0.5156943798065186
0.5156316757202148
0.521904706954956
0.5155713558197021
0.5156986713409424
0.5156252384185791
0.5156996250152588
0.5156207084655762
0.5156252384185791
0.5157008171081543
0.5156910419464111
0.5312504768371582
0.5156295299530029
0.515702486038208
0.5313053131103516
0.5156290531158447
0.5156993865966797
0.5156955718994141
0.5156948566436768
0.5156271457672119
0.5156962871551514
0.5156972408294678
0.5156247615814209
0.5156252384185791
0.515700101852417
0.5156927108764648
0.5156972408294678
0.5156307220458984
0.5157003402709961
0.5156857967376709
0.5156981945037842
0.5156238079071045
0.5156288146972656
0.5156271457672119
0.5156993865966797
0.5157015323638916
0.5156269073486328
0.5156998634338379
0.5156948566436768
0.5156235694885254
0.5156328678131104
0.5156292915344238
0.5157005786895752
0.5156967639923096
0.515618085861206
0.5156939029693604
0.5156781673431396
0.5156259536743164
0.5156943798065186
0.5156285762786865
0.515700101852417
0.5156393051147461
0.5156941413879395
0.5156278610229492
0.5156934261322021
0.5155706405639648
0.5156338214874268
0.5156328678131104
0.5156619548797607
0.5156290531158447
0.5156960487365723
0.5156376361846924
0.5156259536743164
0.5156981945037842
0.5156252384185791
0.5156271457672119
0.5156421661376953
0.5156967639923096
0.5156967639923096
0.5156252384185791
0.5156266689300537
0.5156257152557373
0.515695333480835
0.5156335830688477
0.5155248641967773
0.5044090747833252
0.5043368339538574
0.5156946182250977
0.515617847442627
0.5156285762786865
0.5186386108398438
0.5157008171081543
0.5156300067901611
0.5157012939453125
0.5156323909759521
0.5156979560852051
0.5155575275421143
0.5000686645507812
0.5156259536743164
0.5156188011169434
0.5173447132110596
0.5156943798065186
0.5156257152557373
0.515629768371582
0.5156941413879395
0.5156962871551514
0.5156962871551514
0.5312528610229492
0.5156939029693604
0.5156259536743164
0.5156946182250977
0.5156266689300537
0.5156919956207275
0.5156269073486328
0.5156214237213135
0.5156998634338379
0.5171339511871338
0.5156245231628418
0.5157027244567871
0.5156288146972656
0.5156195163726807
0.5000095367431641
0.5156998634338379
0.5156903266906738
0.5156266689300537
0.5156254768371582
0.5157003402709961
0.5156166553497314
0.5156919956207275
0.515634298324585
0.5156998634338379
0.515632152557373
0.5156936645507812
0.5156896114349365
0.5156269073486328
0.5156257152557373
0.5157210826873779
0.515695333480835
0.5156936645507812
0.5156910419464111
0.5157039165496826
0.5169503688812256
0.515695333480835
0.5156867504119873
0.5156199932098389
0.5157034397125244
0.5157053470611572
0.5156960487365723
0.5156316757202148
0.5238938331604004
0.5156979560852051
0.5156290531158447
0.5156936645507812
0.515697717666626
0.5156958103179932
0.500079870223999
0.5156967639923096
0.5156962871551514
0.5156965255737305
0.515693187713623
0.5156996250152588
0.5157020092010498
0.5156376361846924
0.5156335830688477
0.5156934261322021
0.5169634819030762
0.5157039165496826
0.5156986713409424
0.5156152248382568
0.5000107288360596
0.5156233310699463
0.5156912803649902
0.5167014598846436
0.5076644420623779
0.5156998634338379
0.5156970024108887
0.5156941413879395
0.515700101852417
0.5156350135803223
0.5156972408294678
0.5156314373016357
0.5157041549682617
0.5156998634338379
0.515714168548584
0.5157015323638916
0.515559196472168
0.5156991481781006
0.5156831741333008
0.5207593441009521
0.5156970024108887
0.5156993865966797
0.5156371593475342
0.5157067775726318
0.515570878982544
0.5312530994415283
0.5156409740447998
0.5156290531158447
0.5156121253967285
0.5156927108764648
0.5156972408294678
0.515068769454956
0.5156955718994141
0.5156841278076172
0.5156996250152588
0.5156261920928955
0.5156292915344238
0.5156989097595215
0.5156309604644775
0.5156960487365723
0.5156946182250977
0.5156853199005127
0.5156247615814209
0.5156269073486328
0.515697717666626
0.5156941413879395
0.5156850814819336
0.5156707763671875
0.5181801319122314
0.5156955718994141
0.5156288146972656
0.5156259536743164
0.5156176090240479
0.5156240463256836
0.5156943798065186
0.5156283378601074
0.515688419342041
0.5168697834014893
0.5156965255737305
0.5156259536743164
0.5156266689300537
0.5156946182250977
0.5156173706054688
0.5156257152557373
0.5156946182250977
0.5156998634338379
0.5157008171081543
0.5156962871551514
0.5156252384185791
0.5156922340393066
0.5156335830688477
0.5156252384185791
0.515557050704956
0.5156314373016357
0.5210652351379395
0.5156266689300537
0.5156941413879395
0.5156967639923096
0.5156264305114746
0.5156826972961426
0.5156996250152588
0.5157039165496826
0.5156259536743164
0.5156219005584717
0.5156271457672119
0.5157012939453125
0.5156393051147461
0.515702486038208
0.5156948566436768
0.5156257152557373
0.5156252384185791
0.5157032012939453
0.5156221389770508
0.5156195163726807
0.5156991481781006
0.5155622959136963
0.5156290531158447
0.5156989097595215
0.515629768371582
0.5156247615814209
0.5156185626983643
0.5157003402709961
0.5156972408294678
0.5176260471343994
0.5029959678649902
0.5156347751617432
0.5156221389770508
0.5156991481781006
0.5156948566436768
0.5156879425048828
0.5157003402709961
0.5156292915344238
0.5156941413879395
0.5156934261322021
0.5156984329223633
0.5157003402709961
0.5156948566436768
0.5156230926513672
0.5156402587890625
0.5156302452087402
0.5156943798065186
0.515697717666626
0.5156939029693604
0.5156242847442627
0.5156278610229492
0.5156240463256836
0.5156254768371582
0.5170321464538574
0.5156261920928955
0.5156216621398926
0.5156996250152588
0.5156185626983643
0.5156261920928955
0.5157027244567871
0.5156915187835693
0.5155551433563232
0.5156922340393066
0.5156424045562744
0.5156979560852051
0.5156993865966797
0.5156278610229492
0.5156981945037842
0.5156340599060059
0.5157017707824707
0.515639066696167
0.5156965255737305
0.5156242847442627
0.5156991481781006
0.5156247615814209
0.5156424045562744
0.5156984329223633
0.5156340599060059
0.5170929431915283
0.515697717666626
0.5156936645507812
0.5156264305114746
0.5156271457672119
0.5156385898590088
0.5156271457672119
0.5156257152557373
0.5156919956207275
0.5156223773956299
0.5156266689300537
0.5156934261322021
0.5188734531402588
0.515697717666626
0.5156271457672119
0.5156967639923096
0.5156905651092529
0.5156974792480469
0.5156261920928955
0.5157058238983154
0.515690803527832
0.5156352519989014
0.5156912803649902
0.5157008171081543
0.5156900882720947
0.515549898147583
0.5156733989715576
0.5156269073486328
0.5156264305114746
0.5156233310699463
0.5156428813934326
0.5156974792480469
0.5156252384185791
0.5156891345977783
0.5156981945037842
0.5171449184417725
0.5156924724578857
0.5156335830688477
0.5156259536743164
0.5156989097595215
0.515627384185791
0.5156254768371582
0.515625
0.5156936645507812
0.5020956993103027
0.5156185626983643
0.515627384185791
0.5156345367431641
0.5156996250152588
0.5150778293609619
0.5156316757202148
0.5156316757202148
0.5156941413879395
0.515625
0.5156292915344238
0.5156369209289551
0.5156939029693604
0.5156950950622559
0.5156910419464111
0.5156188011169434
0.5156922340393066
0.5156233310699463
0.5156269073486328
0.5156989097595215
0.5156922340393066
0.5156915187835693
0.5137255191802979
0.5121898651123047
0.515700101852417
0.5156993865966797
0.5156307220458984
0.5156960487365723
0.5156939029693604
0.5156927108764648
0.5156974792480469
0.515629768371582
0.5156228542327881
0.515627384185791
0.515697717666626
0.5156238079071045
0.5156989097595215
0.5156927108764648
0.5156352519989014
0.5156998634338379
0.5156326293945312
0.515695333480835
0.5156974792480469
0.5156292915344238
0.5156943798065186
0.5156259536743164
0.5170543193817139
0.5019111633300781
0.5156338214874268
0.5155291557312012
0.5156974792480469
0.5156936645507812
0.5156283378601074
0.5156254768371582
0.5156295299530029
0.5157029628753662
0.5156300067901611
0.5157015323638916
0.5157008171081543
0.5156333446502686
0.5156960487365723
0.5156333446502686
0.5174496173858643
0.5083935260772705
0.5157005786895752
0.5156960487365723
0.5156936645507812
0.5156927108764648
0.5156753063201904
0.5156972408294678
0.515634298324585
0.5156266689300537
0.5155637264251709
0.515627384185791
0.5156335830688477
0.5156280994415283
0.5169675350189209
0.5156974792480469
0.5156333446502686
0.5156810283660889
0.5000731945037842
0.5156996250152588
0.5156936645507812
0.515704870223999
0.5156233310699463
0.5156927108764648
0.5156939029693604
0.5156917572021484
0.5157110691070557
0.5156271457672119
0.5156958103179932
0.5156335830688477
0.5156259536743164
0.5156896114349365
0.5156216621398926
0.5156989097595215
0.5256617069244385
0.5156307220458984
0.5156314373016357
0.5156252384185791
0.5156228542327881
0.5157036781311035
0.5156972408294678
0.5156292915344238
0.5156989097595215
0.5156996250152588
0.5156915187835693
0.515631914138794
0.5156350135803223
0.5156974792480469
0.5156309604644775
0.5156950950622559
0.5156903266906738
0.5171008110046387
0.5156264305114746
0.5157063007354736
0.5156359672546387
0.5157017707824707
0.5156369209289551
0.5156943798065186
0.5156939029693604
0.5156269073486328
0.5312502384185791
0.5156333446502686
0.5156269073486328
0.5156257152557373
0.5156958103179932
0.5156245231628418
0.5156943798065186
0.5156261920928955
0.5156984329223633
0.5149409770965576
0.5156292915344238
0.5155336856842041
0.5156974792480469
0.515631914138794
0.5156891345977783
0.5156221389770508
0.5156815052032471
0.5155584812164307
0.515692949295044
0.5156986713409424
0.5157036781311035
0.5156912803649902
0.5156288146972656
0.5156998634338379
0.5156338214874268
0.5157005786895752
0.5156917572021484
0.5156300067901611
0.5156245231628418
0.5156967639923096
0.5156347751617432
0.5156314373016357
0.5156383514404297
0.5171804428100586
0.5156986713409424
0.5156891345977783
0.5156290531158447
0.5156991481781006
0.5156943798065186
0.5095310211181641
0.5074405670166016
0.5156228542327881
0.5156290531158447
0.5156927108764648
0.5156235694885254
0.5157010555267334
0.5156393051147461
0.5156965255737305
0.5156998634338379
0.5156283378601074
0.5156309604644775
0.5156998634338379
0.5156962871551514
0.5156292915344238
0.5156195163726807
0.5157041549682617
0.5156888961791992
0.5157012939453125
0.5156230926513672
0.5156340599060059
0.5156915187835693
0.5155739784240723
0.5156960487365723
0.5156197547912598
0.5156159400939941
0.515700101852417
0.5156962871551514
0.5156965255737305
0.5156328678131104
0.5156936645507812
0.5156991481781006
0.5156345367431641
0.5156254768371582
0.5156347751617432
0.515700101852417
0.5157020092010498
0.5157010555267334
0.515702486038208
0.5156989097595215
0.5176334381103516
0.50209641456604
0.5312495231628418
0.5156450271606445
0.5156967639923096
0.5156958103179932
0.5156269073486328
0.5156989097595215
0.5013949871063232
0.5155556201934814
0.5156941413879395
0.515695333480835
0.5156939029693604
0.5156316757202148
0.5156340599060059
0.5156989097595215
0.5156965255737305
0.5156271457672119
0.5156283378601074
0.5156962871551514
0.515692949295044
0.5156264305114746
0.5156316757202148
0.5171658992767334
0.5157010555267334
0.5156266689300537
0.5156998634338379
0.5156245231628418
0.5156970024108887
0.515695333480835
0.5156853199005127
0.5156941413879395
0.5157005786895752
0.5156943798065186
0.5156352519989014
0.5156989097595215
0.5156302452087402
0.5282502174377441
0.51570725440979
0.5044374465942383
0.53118896484375
0.5155727863311768
0.5156278610229492
0.5156939029693604
0.5156188011169434
0.5156939029693604
0.5313172340393066
0.5156223773956299
0.5157089233398438
0.5156939029693604
0.5156259536743164
0.515631914138794
0.5156958103179932
0.5156853199005127
0.5156123638153076
0.5156230926513672
0.5156266689300537
0.5156960487365723
0.5156946182250977
0.5156941413879395
0.5155763626098633
0.5156981945037842
0.515681266784668
0.5155701637268066
0.5156264305114746
0.5000028610229492
0.5000700950622559
0.5156891345977783
0.5156211853027344
0.5156972408294678
0.5156352519989014
0.5157015323638916
0.5156986713409424
0.5156350135803223
0.515697717666626
0.5156979560852051
0.5157003402709961
0.5156211853027344
0.5156357288360596
0.5156948566436768
0.5156264305114746
0.5156970024108887
0.5162756443023682
0.5000712871551514
0.5156927108764648
0.5156264305114746
0.5157017707824707
0.5156264305114746
0.5156257152557373
0.5157046318054199
0.5157005786895752
0.5313208103179932
0.5156245231628418
0.5156345367431641
0.5312621593475342
0.5170032978057861
0.5156216621398926
0.5156340599060059
0.5156455039978027
0.5157005786895752
0.5156345367431641
0.5156991481781006
0.515625
0.5156998634338379
0.5014677047729492
0.5156991481781006
0.5156385898590088
0.5156264305114746
0.5156972408294678
0.5155699253082275
0.5156228542327881
0.5156950950622559
0.5156347751617432
0.5156235694885254
0.5156986713409424
0.5156323909759521
0.515690803527832
0.5156235694885254
0.515700101852417
0.5156304836273193
0.5156242847442627
0.5156846046447754
0.5156271457672119
0.5156340599060059
0.5000715255737305
0.5156970024108887
0.5156302452087402
0.515695333480835
0.515700101852417
0.5156300067901611
0.5157022476196289
0.5156278610229492
0.5157017707824707
0.5156922340393066
0.515632152557373
0.515556812286377
0.515631914138794
0.515632152557373
0.5157010555267334
0.5156173706054688
0.5156557559967041
0.5156962871551514
0.5157034397125244
0.5156269073486328
0.5092737674713135
0.5156354904174805
0.5156280994415283
0.515692949295044
0.5156316757202148
0.5156924724578857
0.515688419342041
0.5156917572021484
0.5156891345977783
0.5156848430633545
0.5156986713409424
0.5156316757202148
0.5156974792480469
0.5156948566436768
0.5156326293945312
0.5311877727508545
0.5156879425048828
0.5312652587890625
0.5156447887420654
0.5156087875366211
0.5156986713409424
0.5156996250152588
0.5156986713409424
0.5124757289886475
0.515693187713623
0.5156970024108887
0.5155737400054932
0.5156171321868896
0.515693187713623
0.5156903266906738
0.5155816078186035
0.5156259536743164
0.5156986713409424
0.5156171321868896
0.515688419342041
0.5167708396911621
0.5156304836273193
0.5229651927947998
0.5156950950622559
0.5156316757202148
0.5156269073486328
0.5156285762786865
0.5156939029693604
0.5156950950622559
0.5241961479187012
0.515627384185791
0.5156252384185791
0.5156910419464111
0.5156950950622559
0.5156171321868896
0.5156912803649902
0.5156934261322021
0.515632152557373
0.5157003402709961
0.5156345367431641
0.5156357288360596
0.5156228542327881
0.5156149864196777
0.5156946182250977
0.5170934200286865
0.5156371593475342
0.5156941413879395
0.515692949295044
0.515692949295044
0.5156223773956299
0.516960620880127
0.5005202293395996
0.5156230926513672
0.5156261920928955
0.5156233310699463
0.5199782848358154
0.5156316757202148
0.515697717666626
0.5156970024108887
0.5155603885650635
0.5156219005584717
0.5156323909759521
0.5156993865966797
0.515695333480835
0.5156192779541016
0.5169920921325684
0.5156960487365723
0.5156888961791992
0.5156967639923096
0.5156910419464111
0.5156905651092529
0.515697717666626
0.5155701637268066
0.5156242847442627
0.5156970024108887
0.515692949295044
0.5156960487365723
0.5156352519989014
0.5156946182250977
0.5156173706054688
0.5157077312469482
0.5156786441802979
0.5156896114349365
0.5156946182250977
0.5156896114349365
0.5155699253082275
0.515697717666626
0.515610933303833
0.5156235694885254
0.5156233310699463
0.5115082263946533
0.5156271457672119
0.5156910419464111
0.5156376361846924
0.5157005786895752
0.5156941413879395
0.5156986713409424
0.5156939029693604
0.5156927108764648
0.5155577659606934
0.5157012939453125
0.5156972408294678
0.5156984329223633
0.5156991481781006
0.515695333480835
0.5156984329223633
0.5156974792480469
0.5170309543609619
0.5156340599060059
0.5156962871551514
0.515697717666626
0.5156903266906738
0.5156993865966797
0.5156307220458984
0.5156905651092529
0.5156974792480469
0.5156242847442627
0.5156307220458984
0.5156292915344238
0.5156447887420654
0.515629768371582
0.5156264305114746
0.5156850814819336
0.5156886577606201
0.5156881809234619
0.5156381130218506
0.5157008171081543
0.5156950950622559
0.5156962871551514
0.5156369209289551
0.5156967639923096
0.5156266689300537
0.5157005786895752
0.5156364440917969
0.5156393051147461
0.515632152557373
0.5156276226043701
0.517035722732544
0.5227956771850586
0.5156271457672119
0.5156996250152588
0.5156290531158447
0.5156242847442627
0.5156295299530029
0.5156917572021484
0.5156936645507812
0.5156946182250977
0.5155677795410156
0.5156285762786865
0.5156376361846924
0.515697717666626
0.5157003402709961
0.5170140266418457
0.515620231628418
0.515622615814209
0.5156865119934082
0.5156936645507812
0.5157017707824707
0.5156950950622559
0.515620231628418
0.5156269073486328
0.5156199932098389
0.5000107288360596
0.5156245231628418
0.5156869888305664
0.515629768371582
0.5156264305114746
0.5156269073486328
0.5155594348907471
0.516676664352417
0.5150594711303711
0.5156688690185547
0.5156888961791992
0.5156314373016357
0.5156247615814209
0.5157051086425781
0.5156340599060059
0.5156946182250977
0.5156216621398926
0.5156989097595215
0.515692949295044
0.5156228542327881
0.5156331062316895
0.5156972408294678
0.5157039165496826
0.5156307220458984
0.5156283378601074
0.5156962871551514
0.5156970024108887
0.5156292915344238
0.5156280994415283
0.5156874656677246
0.515693187713623
0.5156385898590088
0.5156996250152588
0.5157008171081543
0.5156276226043701
0.5157008171081543
0.5156984329223633
0.5156917572021484
0.5000724792480469
0.515695333480835
0.5156979560852051
0.5156278610229492
0.5156962871551514
0.5156986713409424
0.5157022476196289
0.5312528610229492
0.5156259536743164
0.5156223773956299
0.5156340599060059
0.5312156677246094
0.5156979560852051
0.5156245231628418
0.515688419342041
0.5156257152557373
0.5156760215759277
0.5156335830688477
0.5156340599060059
0.5156192779541016
0.5206212997436523
0.5156910419464111
0.5157120227813721
0.5156314373016357
0.5156245231628418
0.5156998634338379
0.5156910419464111
0.5156261920928955
0.5156936645507812
0.5156927108764648
0.5169239044189453
0.5156939029693604
0.5156917572021484
0.5156996250152588
0.5157022476196289
0.5156283378601074
0.5156311988830566
0.515631914138794
0.5156309604644775
0.5156919956207275
0.5156991481781006
0.5156941413879395
0.5156946182250977
0.515627384185791
0.5169389247894287
0.5156941413879395
0.5157027244567871
0.5156190395355225
0.5156919956207275
0.5156941413879395
0.5096354484558105
0.5312521457672119
0.5192360877990723
0.5156404972076416
0.515700101852417
0.5156149864196777
0.5156958103179932
0.5156924724578857
0.515695333480835
0.5156986713409424
0.5156955718994141
0.5156896114349365
0.5156283378601074
0.5156965255737305
0.5156817436218262
0.5156254768371582
0.5171318054199219
0.515629768371582
0.5156888961791992
0.5156242847442627
0.5156216621398926
0.5156266689300537
0.5156974792480469
0.515620231628418
0.5156269073486328
0.5156965255737305
0.5156979560852051
0.515693187713623
0.5156786441802979
0.515693187713623
0.5156941413879395
0.5171074867248535
0.5155785083770752
0.5156216621398926
0.5156331062316895
0.5156235694885254
0.5156335830688477
0.5156912803649902
0.5156252384185791
0.5156345367431641
0.5156254768371582
0.515627384185791
0.5156335830688477
0.5156269073486328
0.5157005786895752
0.5157020092010498
0.5156943798065186
0.5156972408294678
0.5156955718994141
0.5156927108764648
0.5156960487365723
0.5156993865966797
0.5156979560852051
0.5156264305114746
0.5156993865966797
0.5156905651092529
0.5156958103179932
0.5157010555267334
0.5156984329223633
0.5156965255737305
0.5156917572021484
0.5186445713043213
0.5157074928283691
0.5156290531158447
0.5125489234924316
0.5157029628753662
0.5156917572021484
0.515557050704956
0.5156402587890625
0.5156278610229492
0.515622615814209
0.515631914138794
0.5156955718994141
0.5156283378601074
0.5156328678131104
0.5157008171081543
0.515692949295044
0.5156972408294678
0.5156955718994141
0.51743483543396
0.5156946182250977
0.5156948566436768
0.5156981945037842
0.5156283378601074
0.5156149864196777
0.5156962871551514
0.5156326293945312
0.5156993865966797
0.515692949295044
0.5156903266906738
0.5156950950622559
0.5156910419464111
0.5156209468841553
0.5312497615814209
0.5066616535186768
0.5313184261322021
0.5156939029693604
0.5156989097595215
0.5156984329223633
0.5156264305114746
0.5157020092010498
0.5156917572021484
0.5156943798065186
0.5311856269836426
0.5156936645507812
0.515690803527832
0.5157008171081543
0.5156254768371582
0.5156302452087402
0.5169947147369385
0.5156950950622559
0.5156972408294678
0.5156288146972656
0.515700101852417
0.5156972408294678
0.5156955718994141
0.5156183242797852
0.5156311988830566
0.5179357528686523
0.5156943798065186
0.5156924724578857
0.5156900882720947
0.5145847797393799
0.5138516426086426
0.51190185546875
0.5113587379455566
0.5147395133972168
0.5038638114929199
0.503941535949707
0.5138857364654541
0.5081765651702881
0.5013449192047119
0.505202054977417
0.5157637596130371
0.5129258632659912
0.5156292915344238
0.5210433006286621
0.5156302452087402
0.5156927108764648
0.5183079242706299
0.5156197547912598
0.5156967639923096
0.515625
0.5156271457672119
0.515693187713623
0.5198297500610352
0.515693187713623
0.5156960487365723
0.5156958103179932
0.5156259536743164
0.5156924724578857
0.5156981945037842
0.5157058238983154
0.5156221389770508
0.5157003402709961
0.5156347751617432
0.5156919956207275
0.5156946182250977
0.5156259536743164
0.515678882598877
0.5156946182250977
0.5156946182250977
0.515627384185791
0.515695333480835
0.5157008171081543
0.5156967639923096
0.5156214237213135
0.5157017707824707
0.515693187713623
0.5156264305114746
0.5155618190765381
0.5156242847442627
0.5170960426330566
0.5156252384185791
0.5156326293945312
0.5156989097595215
0.5193605422973633
0.5156943798065186
0.515622615814209
0.5156962871551514
0.5156266689300537
0.5157027244567871
0.5156941413879395
0.5156946182250977
0.5155689716339111
0.515625
0.5156950950622559
0.5156972408294678
0.5156986713409424
0.5156242847442627
