0.504133
0.500413
0.507969
0.490614
0.520048
0.494753
0.482193
0.50952
0.499731
0.501831
0.504705
0.50193
0.493614
0.508289
0.484568
0.506567
0.498888
0.497814
0.505253
0.496515
0.500309
0.508242
0.490692
0.513046
0.489784
0.494801
0.503983
0.512463
0.48555
0.498592
0.511353
0.501381
0.490673
0.493687
0.508057
0.490551
0.501163
0.505863
0.49696
0.503761
0.51104
0.489033
0.50983
0.484879
0.498913
0.500729
0.505821
0.501675
0.506744
0.498466
0.485275
0.513477
0.501228
0.500862
0.483231
0.50771
0.503029
0.501457
0.489658
0.502563
0.510391
0.500191
0.499836
0.504166
0.484711
0.497433
0.501022
0.514015
0.486511
0.498856
0.498146
0.503822
0.507408
0.495743
0.499275
0.496948
0.506905
0.501579
0.490639
0.509949
0.489273
0.501091
0.507942
0.496468
0.50238
0.503662
0.487503
0.506744
0.504776
0.506775
0.486855
0.50489
0.505524
0.48838
0.502663
0.512314
0.492599
0.507698
0.491638
0.5028
0.494293
0.491142
0.503502
0.50872
0.487869
0.507759
0.509384
0.490044
0.494728
0.509186
0.497108
0.492577
0.498436
0.511467
0.496483
0.494484
0.504204
0.498886
0.495743
0.510254
0.508957
0.499695
0.481544
0.508041
0.496552
0.513168
0.495125
0.50518
0.482971
0.502975
0.514732
0.505249
0.493134
0.494461
0.486694
0.508842
0.49118
0.514954
0.502937
0.491867
0.498238
0.496956
0.512108
0.488998
0.515106
0.48455
0.508522
0.488922
0.508972
0.503609
0.506615
0.494667
0.491364
0.5
0.509186
0.493057
0.493423
0.50061
0.499359
0.51326
0.496704
0.49588
0.507858
0.500793
0.500229
0.486115
0.497238
0.510605
0.501266
0.494339
0.495163
0.503448
0.503876
0.510269
0.489227
0.493225
0.520432
0.484299
0.509857
0.485077
0.498062
0.510315
0.497177
0.491577
0.499634
0.505051
0.497574
0.50145
0.508514
0.497284
0.507141
0.483368
0.511307
0.491364
0.497009
0.50177
0.502243
0.507126
0.490616
0.50856
0.503403
0.509293
0.47879
0.515625
0.494537
0.49408
0.508057
0.491653
0.511627
0.504028
0.48082
0.49913
0.514984
0.494354
0.496506
0.507401
0.501266
0.503296
0.49852
0.49234
0.512405
0.480606
0.497147
0.504684
0.498856
0.497406
0.515121
0.501953
0.507019
0.483536
0.494202
0.50351
0.514282
0.486206
0.493729
0.500107
0.514877
0.510483
0.487274
0.497452
0.504639
0.485336
0.5009
0.516357
0.482803
0.518677
0.500351
0.481522
0.511551
0.490143
0.514481
0.493149
0.514175
0.498062
0.479004
0.523575
0.478302
0.496017
0.505188
0.520386
0.486389
0.502838
0.502579
0.486115
0.510452
0.49559
0.500061
0.508484
0.49852
0.488144
0.506805
0.505463
0.497711
0.486053
0.518921
0.502716
0.49176
0.495728
0.511932
0.489746
0.508484
0.501221
0.490662
0.510376
0.485992
0.503876
0.498322
0.500641
0.489563
0.506348
0.500336
0.507446
0.509064
0.499512
0.487122
0.491394
0.516479
0.488647
0.496216
0.514099
0.497955
0.494629
0.49173
0.512848
0.508484
0.491425
0.498962
0.498474
0.503571
0.488708
0.522461
0.488647
0.509338
0.489716
0.510864
0.492554
0.48999
0.508453
0.509979
0.485779
0.489899
0.514771
0.50296
0.494263
0.500793
0.487091
0.51532
0.494995
0.501862
0.494995
0.503723
0.492462
0.498505
0.500854
0.502533
0.511749
0.502411
0.495911
0.483978
0.518616
0.490143
0.501221
0.491516
0.499329
0.499115
0.520996
0.482574
0.515564
0.491272
0.505981
0.497589
0.489349
0.495758
0.502106
0.505127
0.514313
0.505249
0.486267
0.502289
0.499603
0.495087
0.503479
0.489716
0.500214
0.517273
0.48819
0.491211
0.52063
0.507904
0.491028
0.502625
0.487671
0.498718
0.512878
0.486481
0.503235
0.498138
0.512268
0.478302
0.503021
0.516296
0.500641
0.4888
0.514679
0.483093
0.514862
0.483063
0.514374
0.507507
0.476685
0.517212
0.492035
0.498383
0.49054
0.510773
0.499817
0.513092
0.475952
0.519928
0.49176
0.495056
0.515869
0.485962
0.508667
0.483185
0.506378
0.508667
0.486847
0.498352
0.506744
0.499268
0.496307
0.516174
0.48584
0.519501
0.477905
0.510376
0.50592
0.486908
0.516907
0.493896
0.483765
0.521729
0.486542
0.507812
0.487396
0.517578
0.491364
0.507477
0.500244
0.486115
0.50238
0.513306
0.492798
0.508301
0.488403
0.500244
0.510193
0.487427
0.510803
0.481018
0.499329
0.509094
0.506836
0.487732
0.507141
0.509949
0.48175
0.49762
0.520996
0.491333
0.499817
0.489807
0.523193
0.483704
0.512878
0.480042
0.501221
0.502869
0.506836
0.491638
0.511169
0.494019
0.503235
0.502258
0.492737
0.492981
0.507812
0.502319
0.491577
0.517212
0.480347
0.500916
0.500732
0.506897
0.517029
0.496826
0.476013
0.516235
0.502563
0.484802
0.514221
0.502136
0.492676
0.499451
0.505432
0.490112
0.508545
0.487122
0.519043
0.489624
0.48938
0.510498
0.500183
0.49469
0.500977
0.511841
0.498108
0.497681
0.493896
0.497864
0.493164
0.505127
0.501587
0.499878
0.497559
0.512695
0.486694
0.500549
0.511108
0.493347
0.506042
0.491089
0.507629
0.490906
0.509094
0.489868
0.52301
0.496338
0.481934
0.504333
0.498962
0.51123
0.494202
0.50061
0.487122
0.519104
0.491882
0.495117
0.521179
0.495117
0.481567
0.513672
0.499939
0.48175
0.505432
0.502197
0.509094
0.493164
0.505798
0.489624
0.518188
0.479309
0.498535
0.499329
0.499207
0.509338
0.507263
0.506042
0.4776
0.511414
0.506348
0.488831
0.513672
0.501404
0.493042
0.49585
0.503967
0.49054
0.51178
0.487122
0.518188
0.477661
0.51123
0.493408
0.500854
0.505188
0.508057
0.487183
0.506714
0.495789
0.49231
0.515137
0.508118
0.493835
0.496582
0.504089
0.488953
0.510437
0.502869
0.498474
0.497803
0.502747
0.501648
0.492981
0.508728
0.49408
0.488281
0.50061
0.498657
0.512878
0.496277
0.507751
0.478455
0.528564
0.473877
0.499878
0.509338
0.497131
0.495667
0.516235
0.479553
0.500916
0.511169
0.514099
0.474792
0.508972
0.502563
0.496399
0.492004
0.51001
0.505249
0.497314
0.502808
0.503601
0.488159
0.508179
0.487976
0.498352
0.50647
0.494995
0.508423
0.499146
0.513489
0.48877
0.500244
0.498474
0.494751
0.49646
0.5047
0.494812
0.50708
0.513184
0.475342
0.500427
0.51416
0.503479
0.500427
0.491638
0.494324
0.50946
0.498901
0.500916
0.495667
0.50177
0.506226
0.497131
0.488647
0.512268
0.490112
0.514526
0.49646
0.511902
0.479797
0.49585
0.50769
0.513672
0.483765
0.513672
0.503357
0.49646
0.488037
0.505798
0.486267
0.503601
0.507385
0.506653
0.489868
0.493164
0.519226
0.486572
0.500488
0.497253
0.502136
0.499573
0.500854
0.505188
0.498718
0.488953
0.513794
0.494568
0.508728
0.492737
0.492188
0.512207
0.498657
0.488403
0.521118
0.484436
0.510498
0.496887
0.483704
0.500916
0.516602
0.489868
0.496277
0.504944
0.49707
0.510437
0.489502
0.507385
0.49408
0.507385
0.505127
0.494995
0.629822
0.358765
0.51825
0.485474
0.499573
0.508545
0.507629
0.477966
0.500122
0.502014
0.515869
0.49884
0.495422
0.49292
0.507202
0.500122
0.500549
0.503296
0.490112
0.512756
0.485168
0.519836
0.504578
0.493469
0.483154
0.494751
0.523315
0.496704
0.484741
0.504517
0.51123
0.503418
0.500122
0.485718
0.490845
0.499268
0.519531
0.492432
0.511475
0.486694
0.495239
0.513672
0.486328
0.503052
0.497925
0.506592
0.505493
0.495239
0.494751
0.498291
0.49353
0.510986
0.493286
0.495361
0.513672
0.497803
0.504761
0.498779
0.485718
0.508057
0.510376
0.496582
0.505981
0.50293
0.502075
0.488892
0.501099
0.494629
0.505371
0.487061
0.503174
0.515625
0.483643
0.503418
0.492065
0.510864
0.507446
0.493042
0.499146
0.515015
0.497314
0.490112
0.503296
0.493408
0.491089
0.512817
0.486694
0.505493
0.498535
0.512573
0.501099
0.481934
0.523682
0.488037
0.490356
0.514038
0.482544
0.500366
0.512695
0.491943
0.508057
0.510986
0.48999
0.485962
0.502808
0.507202
0.497314
0.51001
0.496216
0.499878
0.50647
0.491943
0.508911
0.490723
0.497437
0.494995
0.505615
0.491577
0.515015
0.489868
0.493164
0.503174
0.508667
0.496338
0.498779
0.499023
0.499023
0.513428
0.4823
0.511475
0.50061
0.503052
0.505615
0.478882
0.51709
0.491333
0.513062
0.492554
0.50647
0.490112
0.505249
0.50769
0.493286
0.506592
0.479614
0.514282
0.484375
0.523682
0.497192
0.500488
0.491455
0.489868
0.51123
0.495239
0.488892
0.505981
0.512329
0.493652
0.492432
0.513794
0.488159
0.502197
0.505981
0.49353
0.495728
0.499023
0.51355
0.494385
0.491455
0.510864
0.48938
0.504761
0.495605
0.51123
0.50415
0.497559
0.502563
0.497803
0.495605
0.495605
0.503174
0.496094
0.500854
0.514893
0.501953
0.477539
0.506836
0.50647
0.494141
0.514526
0.480591
0.499146
0.513306
0.491821
0.511353
0.49292
0.50647
0.487915
0.508301
0.497559
0.492554
0.500732
0.495361
0.509521
0.509644
0.4823
0.502075
0.495605
0.510254
0.498901
0.50354
0.506592
0.494873
0.495117
0.494019
0.520874
0.476562
0.512939
0.494263
0.506958
0.500122
0.484253
0.523193
0.495239
0.489136
0.494629
0.510376
0.506836
0.497803
0.492065
0.496338
0.499023
0.49646
0.510254
0.500122
0.498047
0.493042
0.505981
0.509766
0.510986
0.481567
0.512695
0.480225
0.496704
0.524414
0.494629
0.485596
0.506104
0.500732
0.49707
0.494385
0.515137
0.499756
0.495605
0.504639
0.492554
0.498901
0.504883
0.485107
0.507324
0.500854
0.51355
0.483643
0.49646
0.514038
0.502563
0.499023
0.48999
0.508301
0.48877
0.500977
0.503052
0.502319
0.506226
0.488647
0.494141
0.51355
0.499634
0.494263
0.505737
0.498535
0.497192
0.502686
0.501709
0.492065
0.511841
0.499268
0.49939
0.489868
0.511719
0.508179
0.490356
0.48877
0.516479
0.480469
0.518921
0.501831
0.47937
0.513672
0.501099
0.484741
0.503662
0.508789
0.5
0.498169
0.510742
0.479004
0.512451
0.487427
0.501221
0.518799
0.496094
0.48584
0.504639
0.512451
0.479492
0.510376
0.496826
0.501831
0.501953
0.495605
0.494995
0.49939
0.498779
0.519409
0.495361
0.501953
0.489258
0.497559
0.519043
0.492676
0.491577
0.518433
0.496826
0.482666
0.505859
0.495728
0.515137
0.497681
0.489502
0.50293
0.49939
0.490967
0.503418
0.507935
0.497314
0.514526
0.475586
0.502808
0.501221
0.511963
0.494385
0.501587
0.500366
0.498047
0.50061
0.497681
0.494873
0.50647
0.500732
0.496948
0.513794
0.479004
0.523193
0.486938
0.494873
0.509644
0.508911
0.492188
0.507202
0.491089
0.488403
0.498169
0.499634
0.519653
0.493042
0.492676
0.514404
0.483765
0.501099
0.501343
0.492676
0.502197
0.500854
0.501587
0.507812
0.49707
0.499512
0.497559
0.50647
0.490601
0.498657
0.507446
0.505859
0.502808
0.494629
0.498535
0.508301
0.487427
0.496094
0.505981
0.493408
0.511841
0.486084
0.502808
0.497925
0.518799
0.499146
0.480347
0.515991
0.49231
0.511475
0.490112
0.50293
0.505493
0.482544
0.512451
0.505249
0.504272
0.479858
0.498047
0.518799
0.48877
0.497314
0.518311
0.490234
0.502075
0.498169
0.485352
0.509888
0.510132
0.486084
0.510376
0.496094
0.501953
0.49231
0.512085
0.499268
0.507935
0.474487
0.525635
0.491821
0.490234
0.49292
0.509277
0.493652
0.508789
0.505249
0.491821
0.496826
0.515015
0.482178
0.50769
0.505249
0.483887
0.511719
0.500977
0.487061
0.500854
0.514282
0.491943
0.49585
0.511597
0.51062
0.49707
0.491943
0.495728
0.505371
0.49292
0.508179
0.48999
0.501343
0.509399
0.487305
0.523193
0.494873
0.481934
0.509277
0.487549
0.510254
0.499023
0.507446
0.487549
0.511963
0.492188
0.501587
0.49231
0.502686
0.496704
0.50293
0.494263
0.499634
0.522461
0.495361
0.495972
0.492554
0.512451
0.484863
0.515869
0.503174
0.495117
0.491211
0.507324
0.500122
0.498169
0.485596
0.512451
0.493896
0.49585
0.518433
0.49353
0.492065
0.508789
0.499512
0.485229
0.515991
0.488037
0.5
0.508911
0.503784
0.484009
0.501587
0.524658
0.473633
0.509155
0.518555
0.497681
0.488037
0.500854
0.487549
0.513184
0.48938
0.506836
0.499268
0.510254
0.49353
0.491333
0.512451
0.484741
0.497314
0.519775
0.482056
0.502808
0.510132
0.492188
0.500488
0.499756
0.501831
0.513306
0.491455
0.498413
0.499878
0.494629
0.505127
0.497681
0.49292
0.510376
0.494629
0.492676
0.515381
0.506226
0.495483
0.495728
0.501465
0.502319
0.510986
0.490601
0.504883
0.488892
0.505127
0.498413
0.485718
0.502319
0.513916
0.500244
0.507935
0.491699
0.485718
0.5
0.503418
0.493774
0.517334
0.492065
0.507935
0.504883
0.477661
0.503052
0.51355
0.484375
0.513062
0.493652
0.502563
0.51062
0.483887
0.49646
0.509277
0.491943
0.501343
0.504639
0.507812
0.502686
0.502319
0.490479
0.493164
0.507935
0.49292
0.515259
0.493408
0.512329
0.479614
0.495361
0.508911
0.49231
0.497803
0.498779
0.511841
0.495361
0.492676
0.519897
0.50769
0.47583
0.510864
0.499146
0.506592
0.499878
0.506348
0.477539
0.505493
0.494995
0.515015
0.499634
0.484131
0.497559
0.502319
0.503174
0.515991
0.482544
0.511963
0.506104
0.478882
0.502075
0.515015
0.507446
0.493774
0.483765
0.519287
0.477051
0.509644
0.490601
0.502075
0.499268
0.511719
0.49292
0.517334
0.49585
0.502197
0.483032
0.52063
0.50061
0.479004
0.512329
0.49585
0.503052
0.510376
0.478882
0.512817
0.486328
0.496338
0.518799
0.484619
0.496704
0.498535
0.504517
0.497803
0.500244
0.513916
0.48877
0.51062
0.504639
0.502808
0.485962
0.506958
0.497437
0.501465
0.489258
0.511353
0.49292
0.516724
0.478882
0.508423
0.493286
0.497314
0.518799
0.496582
0.496338
0.500122
0.49707
0.497681
0.519653
0.495972
0.491943
0.492188
0.496704
0.494873
0.499268
0.506836
0.50769
0.499023
0.489624
0.514282
0.490967
0.498047
0.499756
0.501953
0.498291
0.500732
0.493896
0.508911
0.506226
0.483887
0.503906
0.514404
0.487549
0.505005
0.50415
0.493774
0.510742
0.49707
0.483154
0.505249
0.5177
0.501709
0.483276
0.498657
0.499146
0.505981
0.503784
0.485962
0.513916
0.484375
0.516968
0.487305
0.49646
