0.490187
0.50284
0.492119
0.500299
0.484114
0.489292
0.501219
0.483642
0.487057
0.495354
0.489462
0.484668
0.474423
0.484936
0.484394
0.477631
0.505482
0.497946
0.490555
0.47801
0.490253
0.486551
0.488779
0.499172
0.491745
0.504967
0.490078
0.492432
0.48551
0.484884
0.47646
0.498192
0.48296
0.496332
0.479195
0.48296
0.480251
0.493282
0.481667
0.480862
0.504723
0.481102
0.492805
0.491852
0.510521
0.481102
0.49696
0.487923
0.500851
0.484791
0.484669
0.48513
0.495941
0.485786
0.164799
0.483826
0.489704
0.485458
0.497627
0.499191
0.494904
0.48933
0.48917
0.499737
0.4939
0.497684
0.490772
0.489998
0.501644
0.498859
0.489132
0.504791
0.48822
0.496578
0.483589
0.480366
0.489902
0.494629
0.498001
0.485085
0.493187
0.483437
0.494316
0.490456
0.483498
0.494255
0.493248
0.494591
0.495178
0.499084
0.474541
0.493507
0.484291
0.481911
0.493477
0.495262
0.489754
0.478256
0.50061
0.49469
0.496117
0.485199
0.479706
0.502953
0.49176
0.500595
0.4823
0.488426
0.474503
0.485435
0.484947
0.486694
0.481094
0.481232
0.500298
0.498703
0.484558
0.486252
0.478569
0.501961
0.496956
0.484077
0.482376
0.49852
0.489693
0.499214
0.49218
0.490479
0.495811
0.495674
0.485268
0.496437
0.147049
0.492599
0.485771
0.500008
0.489128
0.492409
0.487564
0.477829
0.492264
0.491158
0.482048
0.476456
0.492264
0.486778
0.491959
0.494423
0.48513
0.485893
0.483353
0.47686
0.501198
0.498779
0.498116
0.485802
0.480804
0.497177
0.485191
0.49482
0.49337
0.49395
0.495132
0.50322
0.494354
0.476212
0.490753
0.483429
0.50238
0.498749
0.499802
0.500839
0.490067
0.499969
0.487793
0.491257
0.50676
0.486496
0.487198
0.489899
0.48349
0.501785
0.490738
0.482162
0.499695
0.492798
0.494781
0.484131
0.486588
0.481079
0.482437
0.493774
0.481934
0.485428
0.485794
0.495636
0.502136
0.486618
0.489929
0.480057
0.493713
0.488556
0.487091
0.483383
0.494141
0.481598
0.480377
0.500854
0.494202
0.492813
0.49144
0.502396
0.491913
0.499115
0.481445
0.499008
0.482574
0.503036
0.487381
0.496994
0.472488
0.496658
0.475861
0.481079
0.478897
0.48999
0.487427
0.483475
0.489685
0.487106
0.493591
0.495255
0.503189
0.490021
0.4841
0.500519
0.490479
0.485107
0.484344
0.481598
0.490082
0.492249
0.494995
0.495651
0.495911
0.494736
0.475082
0.489899
0.481049
0.481277
0.507446
0.484085
0.487488
0.486191
0.494965
0.497055
0.491165
0.490555
0.48497
0.482849
0.489243
0.484177
0.472794
0.485764
0.470291
0.482239
0.481567
0.486008
0.48912
0.488098
0.492096
0.46524
0.488403
0.1548
0.496582
0.491348
0.479065
0.487793
0.492172
0.484161
0.499512
0.500122
0.496552
0.498444
0.487747
0.492981
0.492065
0.487
0.492233
0.491165
0.500671
0.476212
0.497223
0.481583
0.477081
0.490417
0.480759
0.484467
0.489578
0.498886
0.487335
0.485291
0.487137
0.49411
0.485168
0.482162
0.492737
0.505554
0.48761
0.492462
0.480835
0.492249
0.492401
0.4953
0.493408
0.4935
0.480347
0.486633
0.482849
0.486969
0.496124
0.510437
0.488708
0.497894
0.485779
0.483887
0.47818
0.494141
0.491852
0.48938
0.489594
0.496674
0.489136
0.490692
0.473846
0.488434
0.134613
0.490967
0.483307
0.475098
0.479675
0.492218
0.485321
0.480927
0.491486
0.486755
0.504272
0.495697
0.482605
0.498047
0.476959
0.50174
0.490112
0.49704
0.494751
0.482178
0.48764
0.493591
0.489258
0.495605
0.487885
0.497498
0.481476
0.490662
0.484436
0.481262
0.491211
0.491364
0.473389
0.473145
0.480835
0.479034
0.500793
0.489655
0.485352
0.488251
0.487671
0.495056
0.475372
0.480988
0.491821
0.484039
0.484741
0.494598
0.474976
0.4823
0.494476
0.502838
0.487823
0.477875
0.483154
0.484222
0.496887
0.50174
0.492462
0.492035
0.49353
0.471405
0.499664
0.492371
0.486572
0.508789
0.494263
0.486389
0.487976
0.471008
0.477753
0.498199
0.491943
0.127747
0.491486
0.500458
0.497803
0.495667
0.489105
0.487488
0.485962
0.48526
0.506531
0.495422
0.485626
0.493195
0.479156
0.492523
0.479462
0.493286
0.493561
0.498779
0.486847
0.49527
0.501343
0.484192
0.492157
0.479156
0.482422
0.48819
0.497131
0.494263
0.487396
0.49527
0.503784
0.487244
0.484863
0.483154
0.509644
0.498352
0.499207
0.490143
0.481903
0.489685
0.491913
0.492188
0.477325
0.484528
0.474945
0.504669
0.485596
0.50592
0.496979
0.483246
0.490601
0.488495
0.485443
0.490845
0.494293
0.125854
0.482056
0.477203
0.486389
0.487976
0.497864
0.490234
0.494263
0.496796
0.48645
0.481567
0.48642
0.498749
0.489258
0.490692
0.482269
0.478271
0.489502
0.483734
0.498444
0.494141
0.490173
0.487701
0.49054
0.487305
0.496948
0.492035
0.484131
0.479523
0.477051
0.498413
0.489044
0.48175
0.482788
0.487122
0.498169
0.49176
0.491211
0.481018
0.479523
0.484711
0.508484
0.490631
0.485077
0.503754
0.503387
0.491608
0.49411
0.486206
0.488647
0.48996
0.486053
0.491241
0.48584
0.483673
0.48172
0.476562
0.485321
0.485382
0.492798
0.494904
0.486145
0.484283
0.490967
0.48053
0.480988
0.48468
0.493225
0.475922
0.502991
0.477539
0.485199
0.182312
0.490204
0.476959
0.482727
0.50824
0.490265
0.483063
0.486938
0.499298
0.484589
0.489105
0.498077
0.477386
0.476654
0.487976
0.484558
0.493744
0.500427
0.497864
0.480164
0.486725
0.515106
0.483795
0.491058
0.49884
0.501312
0.484467
0.494659
0.500916
0.477051
0.497101
0.491394
0.495209
0.502533
0.484619
0.483246
0.486053
0.476166
0.486206
0.491882
0.483765
0.484528
0.492523
0.49118
0.480988
0.478912
0.503235
0.487427
0.492096
0.484711
0.497253
0.487885
0.489044
0.499664
0.484711
0.48764
0.483887
0.492462
0.493103
0.486267
0.488373
0.499817
0.476929
0.498047
0.4776
0.491943
0.491577
0.491394
0.485535
0.479065
0.484375
0.485046
0.502869
0.497192
0.484375
0.148254
0.50116
0.488098
0.493286
0.505737
0.486328
0.478821
0.505127
0.490112
0.483582
0.480774
0.492676
0.498291
0.497803
0.480286
0.487183
0.495972
0.507935
0.489441
0.47522
0.482117
0.480347
0.487793
0.506409
0.498352
0.499695
0.504639
0.485046
0.50531
0.473938
0.49054
0.49115
0.489746
0.484863
0.48053
0.485291
0.493835
0.491089
0.472717
0.491516
0.496216
0.498291
0.483154
0.476746
0.475769
0.477539
0.488098
0.494202
0.497192
0.491333
0.493896
0.48938
0.478027
0.490479
0.481079
0.48468
0.480164
0.496704
0.485291
0.493652
0.484253
0.490234
0.487793
0.482727
0.507385
0.500854
0.481018
0.488342
0.485352
0.496155
0.487976
0.498169
0.482239
0.481934
0.478699
0.49292
0.494019
0.495605
0.475342
0.493958
0.492004
0.489258
0.48822
0.49762
0.497742
0.478516
0.49231
0.496216
0.48584
0.498169
0.47644
0.49585
0.493042
0.482117
0.485718
0.477234
0.497253
0.502808
0.490112
0.486084
0.487915
0.489685
0.492554
0.474365
0.485718
0.503296
0.476929
0.483704
0.500671
0.492432
0.495422
0.493835
0.501038
0.487427
0.498352
0.493347
0.485962
0.495789
0.489075
0.476562
0.49884
0.485229
0.482788
0.481018
0.476379
0.484436
0.478394
0.49231
0.489136
0.491089
0.49762
0.481262
0.488525
0.486755
0.485779
0.486877
0.481934
0.482544
0.497437
0.484375
0.488037
0.501526
0.4953
0.491577
0.481384
0.487915
0.196472
0.488892
0.489136
0.477844
0.486938
0.490173
0.490173
0.493042
0.488342
0.48645
0.508972
0.484619
0.484497
0.490906
0.480103
0.494568
0.482605
0.482666
0.499634
0.493591
0.503357
0.475037
0.49054
0.4953
0.492188
0.480347
0.500305
0.492859
0.485535
0.490784
0.482117
0.487732
0.485352
0.479309
0.499756
0.488953
0.488281
0.468689
0.502808
0.491882
0.490662
0.497498
0.477905
0.49939
0.485718
0.482056
0.494141
0.476257
0.502197
0.492615
0.494385
0.496826
0.492981
0.499878
0.48938
0.49707
0.484192
0.475342
0.498962
0.498291
0.502136
0.483521
0.499451
0.488586
0.480469
0.495117
0.47113
0.488525
0.488586
0.495361
0.49646
0.478516
0.50293
0.472168
0.477783
0.487244
0.182739
0.495789
0.489441
0.486023
0.491516
0.491333
0.489197
0.480713
0.484436
0.493347
0.487915
0.4953
0.492615
0.492126
0.490601
0.485046
0.483948
0.502747
0.491211
0.483398
0.482849
0.491516
0.485535
0.480774
0.47406
0.487122
0.488403
0.489136
0.484741
0.480652
0.482544
0.497925
0.50238
0.482849
0.484802
0.48999
0.48877
0.495361
0.488647
0.490601
0.500488
0.502502
0.479614
0.470825
0.494385
0.493774
0.479309
0.484863
0.491882
0.501709
0.483887
0.500244
0.486938
0.477234
0.49115
0.491211
0.483582
0.483459
0.503357
0.47467
0.484009
0.505615
0.495544
0.484253
0.479736
0.475586
0.478394
0.489014
0.476257
0.488892
0.480469
0.471252
0.492126
0.503052
0.48761
0.491028
0.484436
0.488403
0.485168
0.482361
0.49939
0.184143
0.487366
0.494751
0.488892
0.495972
0.480896
0.487366
0.489258
0.496948
0.486938
0.493225
0.503845
0.491089
0.506531
0.490723
0.481323
0.479858
0.479065
0.490784
0.478882
0.490967
0.498352
0.493469
0.48938
0.486206
0.501648
0.486511
0.481873
0.473267
0.484436
0.484192
0.49408
0.480652
0.493347
0.491211
0.484192
0.503723
0.487183
0.497437
0.477417
0.491516
0.483154
0.485413
0.486877
0.499268
0.487488
0.496704
0.499573
0.495544
0.486023
0.47821
0.493958
0.49176
0.492981
0.504822
0.490906
0.482849
0.486755
0.489197
0.484009
0.4729
0.490173
0.479431
0.501587
0.485596
0.493164
0.499695
0.484375
0.484558
0.482239
0.487305
0.484863
0.489014
0.488403
0.484497
0.492798
0.484558
0.50061
0.484375
0.500061
0.494568
0.477234
0.477173
0.483704
0.492126
0.495056
0.485535
0.491699
0.483459
0.484863
0.500916
0.486084
0.486877
0.482483
0.481506
0.494324
0.491882
0.496948
0.48999
0.494202
0.493713
0.481567
0.492615
0.494385
0.50177
0.483704
0.489075
0.482727
0.488892
0.488464
0.48584
0.490356
0.495667
0.478699
0.49231
0.48999
0.480652
0.490906
0.509888
0.478149
0.486206
0.483521
0.494995
0.487122
0.506104
0.501404
0.492493
0.49115
0.490723
0.478333
0.492981
0.483459
0.491638
0.491333
0.487732
0.486084
0.490051
0.488098
0.488586
0.488037
0.502991
0.484436
0.498352
0.491882
0.509399
0.494263
0.493591
0.488892
0.497559
0.489624
0.476746
0.499084
0.495728
0.483398
0.489624