0.494514
0.508615
0.499725
0.507215
0.498796
0.504761
0.492707
0.508298
0.50224
0.475584
0.522122
0.492188
0.488093
0.508276
0.504096
0.49556
0.489141
0.51636
0.505436
0.497414
0.496503
0.497393
0.490943
0.513289
0.504993
0.501267
0.477881
0.51183
0.502951
0.497623
0.496958
0.498733
0.496935
0.51526
0.503136
0.479873
0.508441
0.490904
0.525822
0.48294
0.498421
0.498221
0.505513
0.494858
0.505633
0.501907
0.49396
0.499985
0.497828
0.497498
0.509163
0.507922
0.474182
0.51296
0.502041
0.490577
0.526254
0.482133
0.514214
0.479494
0.515727
0.491491
0.504836
0.50208
0.510479
0.477762
0.491657
0.526989
0.481583
0.497581
0.513833
0.498827
0.49994
0.498163
0.499322
0.499804
0.49568
0.495108
0.506714
0.500338
0.498219
0.499744
0.49049
0.513682
0.494377
0.497776
0.495778
0.517701
0.493563
0.494373
0.512355
0.504332
0.48306
0.507287
0.496566
0.503906
0.497203
0.490494
0.5245
0.484817
0.488838
0.522156
0.482468
0.50788
0.502127
0.493399
0.500515
0.498406
0.492601
0.515425
0.501207
0.49287
0.507227
0.505841
0.479018
0.512111
0.491334
0.501004
0.501964
0.495201
0.505264
0.495798
0.520808
0.474826
0.503683
0.519458
0.477465
0.517187
0.504394
0.480091
0.516188
0.493254
0.495957
0.49817
0.49417
0.502131
0.515696
0.493125
0.490938
0.503897
0.496822
0.521448
0.482629
0.494698
0.504729
0.499348
0.495511
0.508515
0.501834
0.50171
0.491805
0.511866
0.498059
0.502801
0.494055
0.501666
0.489949
0.52276
0.491445
0.49755
0.496827
0.497443
0.498835
0.495807
0.520271
0.481709
0.493111
0.508592
0.497931
0.497066
0.518545
0.478137
0.517459
0.493714
0.503388
0.512089
0.480463
0.486547
0.518067
0.493705
0.511718
0.50414
0.476002
0.507878
0.514478
0.496483
0.491865
0.49456
0.513275
0.497488
0.491362
0.513021
0.485226
0.5091
0.492801
0.512184
0.505205
0.481781
0.5189
0.483145
0.489825
0.519208
0.493067
0.496866
0.507611
0.49506
0.501109
0.509857
0.492473
0.500036
0.497349
0.50371
0.49862
0.502847
0.495412
0.506839
0.494775
0.497695
0.5059
0.487981
0.514318
0.499546
0.501974
0.502282
0.508546
0.493063
0.468896
0.507126
0.518069
0.495748
0.485586
0.517469
0.506903
0.484614
0.497925
0.506498
0.507522
0.500963
0.502047
0.484786
0.510607
0.491004
0.491907
0.510986
0.498596
0.495566
0.506482
0.506132
0.495186
0.491628
0.524504
0.484375
0.492505
0.514597
0.492099
0.495867
0.503412
0.49793
0.495067
0.509121
0.501503
0.49395
0.511204
0.495293
0.500788
0.499256
0.491903
0.497848
0.517023
0.491236
0.486498
0.505896
0.506789
0.49475
0.497914
0.512511
0.501788
0.496425
0.49991
0.501892
0.501753
0.50327
0.478625
0.517088
0.49658
0.494152
0.498142
0.504629
0.500917
0.502092
0.50348
0.491402
0.506491
0.495906
0.501654
0.493394
0.505873
0.492611
0.49751
0.50605
0.497932
0.498055
0.514667
0.493908
0.503185
0.508725
0.48594
0.494507
0.498776
0.512156
0.503031
0.499589
0.488849
0.489352
0.511485
0.502282
0.503702
0.496392
0.493332
0.511795
0.499934
0.496325
0.498532
0.4977
0.514892
0.484952
0.499425
0.485404
0.508831
0.513103
0.507753
0.482266
0.513259
0.499436
0.494617
0.504237
0.49243
0.490042
0.525259
0.485719
0.500804
0.494649
0.497456
0.51715
0.491561
0.490328
0.525451
0.486797
0.488504
0.521149
0.474225
0.516793
0.503417
0.501237
0.488363
0.498901
0.491427
0.514445
0.510636
0.479986
0.515892
0.491719
0.508282
0.496197
0.486439
0.518921
0.478236
0.509092
0.508819
0.49549
0.490999
0.510459
0.499476
0.487898
0.524294
0.490074
0.498159
0.490697
0.493241
0.514351
0.494257
0.510168
0.500718
0.491642
0.485491
0.520379
0.499568
0.495381
0.493362
0.511574
0.502704
0.50328
0.481456
0.501142
0.517991
0.485036
0.497927
0.513686
0.510928
0.49451
0.492648
0.499779
0.500391
0.490018
0.502732
0.489045
0.512495
0.506088
0.503589
0.501234
0.477781
0.514867
0.501046
0.498719
0.504597
0.495578
0.514715
0.488229
0.491864
0.513661
0.481356
0.518414
0.480481
0.519861
0.479743
0.506024
0.487576
0.509602
0.495021
0.520299
0.478471
0.512765
0.502146
0.497785
0.488834
0.519363
0.4979
0.488034
0.506618
0.494431
0.501459
0.492482
0.50414
0.505768
0.500884
0.49384
0.503039
0.487842
0.502513
0.518575
0.500191
0.493034
0.495436
0.510249
0.49546
0.484145
0.510138
0.492997
0.517575
0.497421
0.501767
0.508866
0.484572
0.492042
0.527737
0.484902
0.490022
0.51042
0.502584
0.499788
0.497342
0.497603
0.499957
0.503252
0.496313
0.506995
0.499617
0.49431
0.501051
0.491075
0.488826
0.504279
0.511901
0.50685
0.494611
0.488785
0.522186
0.485776
0.506577
0.501161
0.490777
0.496447
0.516798
0.509228
0.488239
0.489911
0.502791
0.490134
0.511257
0.496812
0.508193
0.498585
0.489333
0.512597
0.491224
0.506219
0.490269
0.517496
0.478781
0.519355
0.486363
0.498805
0.495632
0.508998
0.501453
0.4967
0.506726
0.491322
0.498447
0.504672
0.49949
0.496889
0.505276
0.498872
0.492916
0.522831
0.484618
0.493132
0.523808
0.487657
0.498256
0.495843
0.497162
0.512136
0.494546
0.489184
0.502721
0.501977
0.489688
0.511908
0.492408
0.504236
0.498452
0.509448
0.486676
0.507354
0.491869
0.503875
0.513468
0.497517
0.494226
0.489691
0.517966
0.512949
0.489139
0.50108
0.494135
0.508264
0.484155
0.50266
0.510501
0.49557
0.501178
0.493426
0.496056
0.517617
0.475872
0.512657
0.497516
0.498681
0.503579
0.50353
0.50042
0.491656
0.49606
0.506423
0.499555
0.490517
0.517472
0.500206
0.49682
0.500381
0.509936
0.485517
0.500409
0.495057
0.510261
0.497722
0.500074
0.497661
0.493507
0.521096
0.486129
0.505134
0.493102
0.500654
0.500885
0.494154
0.504405
0.490112
0.513273
0.500026
0.50802
0.478956
0.516783
0.504173
0.485576
0.500592
0.50524
0.496195
0.5043
0.512024
0.49604
0.49852
0.496511
0.490836
0.487995
0.510191
0.521852
0.48282
0.503982
0.507336
0.485661
0.506165
0.508361
0.487348
0.504982
0.507117
0.487164
0.508821
0.496188
0.494476
0.508668
0.495635
0.490906
0.516875
0.496065
0.505918
0.477888
0.513203
0.489286
0.513529
0.499148
0.499796
0.499112
0.488229
0.504978
0.497582
0.513632
0.510933
0.486499
0.502294
0.488141
0.511551
0.502384
0.491037
0.488303
0.525089
0.488493
0.499832
0.491487
0.526646
0.481642
0.488209
0.520066
0.493272
0.486201
0.524807
0.483391
0.494632
0.506426
0.508305
0.510769
0.490627
0.502692
0.48196
0.517303
0.499118
0.487428
0.4999
0.508895
0.494575
0.502165
0.499327
0.498948
0.492688
0.516426
0.486418
0.494559
0.515895
0.509856
0.477028
0.515974
0.496382
0.492675
0.490932
0.521444
0.473355
0.512696
0.501972
0.492159
0.521471
0.484262
0.490255
0.521754
0.492691
0.488579
0.508027
0.506094
0.494227
0.506764
0.491708
0.488659
0.509732
0.508096
0.502626
0.501239
0.505065
0.473546
0.510875
0.494006
0.505351
0.503476
0.500156
0.49784
0.494517
0.502613
0.487363
0.511002
0.503156
0.489031
0.519024
0.512503
0.492298
0.50073
0.473762
0.521149
0.501647
0.491346
0.487601
0.510886
0.491905
0.502825
0.505411
0.514232
0.495139
0.499533
0.493142
0.495248
0.510874
0.488128
0.518289
0.484306
0.509995
0.499064
0.511135
0.493942
0.497226
0.501439
0.495095
0.503728
0.495796
0.49335
0.513099
0.494414
0.499784
0.499075
0.488923
0.503525
0.503091
0.494026
0.505982
0.500027
0.49717
0.500816
0.492844
0.515588
0.498854
0.496121
0.491168
0.51051
0.490687
0.516203
0.493792
0.494693
0.500433
0.499321
0.4888
0.516749
0.491801
0.510643
0.499257
0.502223
0.49906
0.491478
0.502548
0.495807
0.501956
0.495651
0.521023
0.499958
0.495495
0.497958
0.499388
0.493488
0.500148
0.49394
0.508241
0.485301
0.510949
0.505202
0.500608
0.509586
0.494327
0.498274
0.505944
0.480479
0.50886
0.496307
0.502413
0.496929
0.494137
0.502593
0.501423
0.485569
0.521048
0.500548
0.501681
0.493185
0.499936
0.493782
0.509082
0.490716
0.508022
0.490183
0.513652
0.491517
0.503972
0.492352
0.518287
0.496291
0.487842
0.529086
0.489302
0.490307
0.497551
0.493156
0.517223
0.499476
0.498854
0.493817
0.48808
0.525609
0.484637
0.493164
0.517929
0.482318
0.506454
0.498382
0.48495
0.516274
0.505369
0.499383
0.501834
0.491107
0.492196
0.517397
0.50696
0.481725
0.494633
0.508148
0.499291
0.495004
0.507704
0.490418
0.514392
0.505188
0.503782
0.480491
0.504874
0.500604
0.505024
0.496926
0.505338
0.493898
0.499584
0.503341
0.499211
0.491378
0.506041
0.519384
0.481111
0.50408
0.496385
0.490582
0.50402
0.504683
0.497171
0.496993
0.493277
0.507453
0.490754
0.514571
0.492279
0.511044
0.496373
0.508204
0.50425
0.486378
0.494451
0.519432
0.480432
0.513058
0.493235
0.499863
0.49476
0.502353
0.50408
0.493653
0.496437
0.506973
0.48765
0.512133
0.491974
0.514785
0.495127
0.49485
0.496228
0.523178
0.484993
0.4968
0.491966
0.516222
0.497669
0.490516
0.522074
0.478841
0.508761
0.494926
0.502993
0.492518
0.513253
0.495168
0.493074
0.515622
0.474548
0.518306
0.490957
0.517686
0.480266
0.506986
0.501516
0.510003
0.506614
0.485149
0.495
0.496896
0.51522
0.494313
0.487947
0.519013
0.496003
0.502616
0.499281
0.507837
0.492596
0.494783
0.494019
0.499528
0.492397
0.501549
0.524319
0.499524
0.490681
0.49343
0.496182
0.488583
0.514044
0.492562
0.508191
0.512038
0.486361
0.506183
0.498477
0.486776
0.518677
0.492723
0.501869
0.506976
0.491775
0.499028
0.493402
0.509794
0.491925
0.515849
0.487853
0.508774
0.500892
0.489173
0.489793
0.511754
0.499312
0.498523
0.488755
0.520753
0.488632
0.518276
0.483528
0.503593
0.49779
0.503705
0.493767
0.498395
0.520498
0.485106
0.49804
0.501817
0.513172
0.480797
0.516365
0.496942
0.494969
0.490342
0.526745
0.475356
0.516577
0.506665
0.491932
0.49288
0.507571
0.492358
0.499146
0.503275
0.504352
0.496699
0.491258
0.490056
0.519291
0.495108
0.494599
0.495539
0.514408
0.506361
0.475986
0.513398
0.510055
0.482619
0.512851
0.489281
0.495033
0.507629
0.504265
0.491356
0.505274
0.497831
0.499628
0.507222
0.501611
0.495529
0.500458
0.488093
0.517874
0.490222
0.498001
0.493871
0.509797
0.489442
0.512635
0.490478
0.506738

































































































































