0.500828
0.49973
0.506703
0.49733
0.506247
0.498348
0.494909
0.497454
0.503464
0.515186
0.485502
0.497862
0.509495
0.496422
0.495277
0.498014
0.510893
0.496737
0.49169
0.498545
0.501802
0.501324
0.498207
0.502579
0.507477
0.491531
0.510494
0.48737
0.505974
0.504097
0.49548
0.496971
0.496288
0.508915
0.49358
0.497967
0.507206
0.507748
0.489174
0.50547
0.501068
0.497883
0.491493
0.504196
0.51236
0.496105
0.495258
0.50296
0.50692
0.481995
0.505615
0.502037
0.492729
0.51358
0.495056
0.495178
0.49572
0.505318
0.501266
0.502014
0.491875
0.507416
0.494186
0.507607
0.490807
0.506538
0.50428
0.504501
0.487541
0.502625
0.494568
0.506119
0.504959
0.49733
0.491272
0.512314
0.495834
0.492561
0.503273
0.501595
0.49984
0.503166
0.498512
0.496567
0.503677
0.495216
0.506096
0.490845
0.503815
0.506813
0.493752
0.501175
0.494774
0.503212
0.506935
0.497925
0.497177
0.495285
0.508942
0.49292
0.499939
0.513489
0.490295
0.501511
0.499542
0.499023
0.505905
0.493988
0.498505
0.499237
0.504593
0.492035
0.499985
0.517303
0.484283
0.506714
0.501205
0.498352
0.502655
0.492203
0.498917
0.502441
0.498245
0.499405
0.501129
0.512207
0.491898
0.496353
0.507706
0.489792
0.503983
0.511841
0.492706
0.508133
0.48407
0.508743
0.497009
0.49646
0.505737
0.491821
0.503311
0.508789
0.494003
0.495972
0.509064
0.495651
0.501343
0.501617
0.489624
0.505188
0.50058
0.49292
0.509735
0.501083
0.502335
0.486954
0.512177
0.497696
0.502945
0.488647
0.500641
0.499359
0.510757
0.497345
0.49437
0.50061
0.502945
0.494003
0.501801
0.506851
0.491226
0.504929
0.494263
0.499207
0.509827
0.502441
0.503021
0.487869
0.508209
0.504852
0.485687
0.507141
0.5
0.496735
0.504822
0.499237
0.501587
0.493439
0.50061
0.498413
0.499207
0.508026
0.496765
0.49472
0.51004
0.489166
0.499146
0.499695
0.504944
0.502319
0.494324
0.503632
0.50351
0.509979
0.488678
0.499207
0.495697
0.505707
0.491119
0.502991
0.497742
0.514343
0.491211
0.498962
0.502625
0.500671
0.495239
0.505157
0.499115
0.496979
0.504822
0.497681
0.500366
0.505005
0.48761
0.506714
0.500946
0.501617
0.49295
0.508484
0.501007
0.494904
0.505463
0.487823
0.507568
0.492493
0.501038
0.515045
0.489166
0.5
0.498566
0.506439
0.493744
0.497375
0.503784
0.494598
0.505585
0.503632
0.500641
0.499634
0.509064
0.490906
0.501892
0.49118
0.506714
0.49942
0.493225
0.503387
0.494843
0.501404
0.511383
0.491089
0.497742
0.503326
0.497375
0.51004
0.494659
0.509399
0.48526
0.508453
0.498077
0.491577
0.506195
0.501617
0.49704
0.500793
0.496124
0.507751
0.496613
0.499329
0.505707
0.501434
0.500092
0.504303
0.493774
0.503418
0.495483
0.501648
0.491119
0.500031
0.49762
0.500702
0.508972
0.497559
0.498505
0.504944
0.490051
0.504395
0.494904
0.512878
0.499084
0.489502
0.505768
0.503754
0.503174
0.486298
0.515503
0.487366
0.503754
0.495819
0.504944
0.496765
0.497833
0.507416
0.496002
0.500946
0.495514
0.502869
0.505676
0.49234
0.507446
0.492676
0.505157
0.502625
0.508331
0.49115
0.49704
0.498688
0.498047
0.498749
0.507812
0.490936
0.506836
0.501617
0.504089
0.49115
0.501801
0.499298
0.496979
0.499207
0.505676
0.491394
0.510681
0.498291
0.502441
0.499512
0.5047
0.488586
0.498779
0.49884
0.50415
0.503052
0.502563
0.493591
0.499451
0.50415
0.50116
0.492737
0.504333
0.497375
0.499817
0.502808
0.498413
0.506592
0.489929
0.509888
0.503845
0.496704
0.488403
0.509949
0.493774
0.498718
0.500549
0.497253
0.503235
0.498718
0.50647
0.502319
0.504028
0.497314
0.497009
0.503052
0.495178
0.493347
0.499756
0.504517
0.495605
0.507324
0.49231
0.502197
0.507812
0.498596
0.494507
0.495605
0.507629
0.503723
0.499084
0.498657
0.505371
0.490967
0.504639
0.490662
0.505981
0.4953
0.511475
0.495239
0.502075
0.507812
0.490295
0.502319
0.498108
0.49469
0.498169
0.507996
0.502258
0.487671
0.514709
0.485168
0.510254
0.489868
0.508118
0.507263
0.497803
0.489685
0.509583
0.497498
0.492249
0.508057
0.501953
0.497803
0.503601
0.488098
0.502319
0.505798
0.498108
0.497375
0.504944
0.496643
0.502258
0.503235
0.500244
0.494629
0.493042
0.504395
0.498657
0.502197
0.506104
0.500916
0.499573
0.488647
0.513062
0.497925
0.500061
0.491821
0.515625
0.489807
0.493652
0.503235
0.502625
0.492981
0.512512
0.494019
0.494263
0.503418
0.498474
0.501892
0.495056
0.504883
0.506287
0.495544
0.502319
0.490479
0.511719
0.504517
0.489014
0.50885
0.496521
0.507751
0.493469
0.48938
0.500793
0.498474
0.50061
0.507629
0.498901
0.49292
0.512146
0.496277
0.501648
0.490417
0.510925
0.490295
0.498169
0.514587
0.494507
0.494385
0.496521
0.50592
0.498718
0.495056
0.515137
0.489746
0.499634
0.498291
0.508728
0.502625
0.487305
0.503296
0.495728
0.502869
0.49585
0.507935
0.502747
0.501343
0.492859
0.509521
0.503723
0.492065
0.50061
0.501831
0.494019
0.493469
0.500061
0.50354
0.498718
0.500977
0.508545
0.499512
0.497253
0.496948
0.502502
0.499939
0.493408
0.504944
0.501709
0.5047
0.497803
0.498291
0.493042
0.509338
0.496338
0.497131
0.505737
0.499695
0.492126
0.504517
0.496948
0.50354
0.505615
0.490051
0.507446
0.497131
0.500732
0.495605
0.503784
0.503784
0.497925
0.495117
0.499207
0.496033
0.501282
0.511658
0.496521
0.506165
0.490295
0.50708
0.492432
0.494812
0.518616
0.483459
0.499451
0.512146
0.490967
0.504272
0.503235
0.50177
0.490723
0.495728
0.505127
0.499573
0.496704
0.504944
0.511047
0.493713
0.491638
0.503967
0.502075
0.497681
0.500854
0.492249
0.504211
0.503784
0.508728
0.496338
0.49115
0.496094
0.50647
0.497314
0.497314
0.512634
0.501343
0.487305
0.506775
0.497986
0.508484
0.489563
0.494751
0.507996
0.492432
0.508301
0.494202
0.513794
0.499573
0.495972
0.48877
0.506348
0.492981
0.51178
0.498108
0.491638
0.510925
0.494446
0.503296
0.497498
0.492615
0.501831
0.506287
0.491089
0.51886
0.484924
0.50354
0.499939
0.494995
0.509888
0.493347
0.496094
0.500244
0.501709
0.506836
0.494324
0.501404
0.496277
0.501465
0.501953
0.508362
0.491333
0.509216
0.492859
0.506104
0.491272
0.505432
0.508667
0.496033
0.492188
0.500061
0.496155
0.503296
0.496887
0.505859
0.492676
0.497803
0.507141
0.496033
0.502869
0.504578
0.501587
0.496399
0.505371
0.492981
0.507568
0.487305
0.506775
0.503784
0.487671
0.502808
0.49762
0.503052
0.510132
0.492676
0.49939
0.513
0.482971
0.509399
0.50061
0.490295
0.515564
0.495911
0.489685
0.49646
0.501831
0.503296
0.501709
0.497009
0.504761
0.493347
0.504578
0.502502
0.498108
0.501038
0.503601
0.491516
0.506958
0.5
0.500061
0.494995
0.506348
0.491821
0.507385
0.489868
0.509949
0.492859
0.49646
0.507263
0.506104
0.487915
0.509888
0.489197
0.510437
0.502136
0.489075
0.499878
0.49939
0.511353
0.498962
0.499268
0.489197
0.501404
0.507812
0.500854
0.500671
0.500427
0.501709
0.503784
0.493103
0.499084
0.50769
0.496643
0.50293
0.484558
0.507629
0.50824
0.501404
0.484253
0.503418
0.504761
0.497559
0.495239
0.513367
0.498779
0.494507
0.48999
0.503479
0.510315
0.486511
0.508484
0.505249
0.493652
0.505981
0.491333
0.509949
0.497437
0.49585
0.493164
0.509216
0.490845
0.501953
0.501465
0.510376
0.503662
0.493958
0.487183
0.509705
0.500732
0.492676
0.519043
0.486694
0.493042
0.501343
0.498962
0.502014
0.496216
0.504395
0.505066
0.492371
0.511169
0.498413
0.493713
0.504761
0.494263
0.504395
0.498779
0.496338
0.505737
0.496826
0.499512
0.495117
0.510376
0.497925
0.494995
0.512451
0.490112
0.494995
0.500977
0.499268
0.502686
0.497437
0.5
0.507568
0.492432
0.503296
0.507935
0.486328
0.512817
0.495605
0.500977
0.494019
0.512451
0.492188
0.50647
0.487549
0.499023
0.506226
0.496826
0.499756
0.500732
0.50293
0.504028
0.495361
0.494019
0.508911
0.496216
0.501953
0.503418
0.48877
0.512207
0.490601
0.50415
0.50415
0.48938
0.511719
0.496094
0.498413
0.495239
0.505493
0.500732
0.493652
0.505127
0.495361
0.5
0.504883
0.497559
0.501709
0.493896
0.510498
0.490112
0.515259
0.492798
0.501343
0.491699
0.510986
0.489868
0.501953
0.502441
0.509033
0.493896
0.505615
0.492188
0.493652
0.512939
0.492554
0.496338
0.510254
0.486938
0.506836
0.503174
0.497437
0.49231
0.501099
0.509521
0.501587
0.487305
0.501709
0.499268
0.502808
0.509521
0.491455
0.501953
0.500854
0.505249
0.49292
0.496704
0.50415
0.49939
0.494873
0.514404
0.492676
0.496338
0.505981
0.501099
0.489868
0.512329
0.499512
0.498291
0.500366
0.498535
0.490845
0.503906
0.498291
0.513916
0.483398
0.505981
0.502075
0.500977
0.505493
0.497925
0.491455
0.513672
0.493896
0.495605
0.499756
0.49646
0.504395
0.496216
0.512207
0.490479
0.494507
0.506592
0.495117
0.506226
0.502563
0.491089
0.506226
0.502441
0.490112
0.501221
0.512451
0.495972
0.498291
0.496094
0.507812
0.496582
0.504272
0.491455
0.496826
0.500244
0.502563
0.495728
0.498535
0.508179
0.49939
0.503052
0.505249
0.48584
0.507935
0.494141
0.500732
0.506226
0.505859
0.496094
0.488281
0.502808
0.498901
0.503662
0.494141
0.502808
0.498291
0.506714
0.498657
0.505371
0.500732
0.504272
0.484619
0.5
0.513672
0.487915
0.50354
0.495239
0.498413
0.500244
0.500366
0.509766
0.500122
0.493896
0.508301
0.497192
0.493896
0.508911
0.499268
0.498169
0.503052
0.50415
0.493164
0.496826
0.496582
0.508423
0.498047
0.498779
0.496826
0.506226
0.487427
0.510132
0.490479
0.501953
0.502686
0.496094
0.503906
0.508911
0.485474
0.509277
0.498779
0.496216
0.499512
0.511108
0.496582
0.496582
0.501221
0.491089
0.506836
0.49585
0.501343
0.496948
0.503296
0.511108
0.496338
0.490845
0.509277
0.499756
0.493652
0.498535
0.496704
0.502563
0.498169
0.504272
0.505493
0.491699
0.509277
0.497437
0.502075
0.48999
0.508423
0.497681
0.50647
0.502533
0.504635
0.496312
0.503798
0.500843
0.496201
0.497132
0.51217
0.498649
0.49527
0.493073
0.505228
0.494184
0.506884
0.504506
0.504582
0.497049
0.487432
0.503428
0.50893
0.499495
0.501085
0.49205
0.505632
0.489536
0.502647
0.499065
0.500685
0.504095
0.493093
0.510672
0.503296
0.486006
0.51631
0.48444
0.5012
0.507973
0.49226
0.499317
0.511562
0.499859
0.498005
0.493786
0.496777
0.508244
0.501236
0.491508
0.506027
0.494148
0.508484
0.505402
0.494659
0.50219
0.491688
0.507278
0.489891
0.504311
0.494419
0.501762
0.502789
0.505463
0.491074
0.503777
0.507114
0.499401
0.491848
0.49651
0.506115
0.502934
0.503201
0.494392
0.497295
0.500221
0.505375
0.491371
0.503853
0.495033
0.501411
0.510651
0.498886
0.496231
0.506714
0.493393
0.495766
0.50798
0.489983
0.498703
0.500755
0.513428
0.487984
0.503914
0.498573
0.498734
0.509369
0.489929
0.511696
0.486237
0.500282
0.51416
0.498672
0.498917
0.494057
0.494865
0.507881
0.501732
0.504128
0.493469
0.498756
0.493706
0.505981
0.508919
0.482704
0.503334
0.501083
0.509018
0.485909
0.510597
0.4972
0.491928
0.50528
0.496964
0.510193