0.5213782787322998
0.5279743671417236
0.5049407482147217
0.5218701362609863
0.5094573497772217
0.5042273998260498
0.5105149745941162
0.5026342868804932
0.50579833984375
0.5123329162597656
0.5060501098632812
0.520432710647583
0.5174596309661865
0.5156130790710449
0.5186700820922852
0.5156164169311523
0.5175325870513916
0.5102572441101074
0.5232148170471191
0.5245072841644287
0.5103700160980225
0.512115478515625
0.5051851272583008
0.5104479789733887
0.523054838180542
0.5157380104064941
0.5079028606414795
0.5059194564819336
0.50498366355896
0.5167109966278076
0.5104634761810303
0.5255506038665771
0.5032250881195068
0.5160808563232422
0.5121042728424072
0.5147700309753418
0.5160226821899414
0.5158488750457764
0.5257456302642822
0.5052080154418945
0.5239548683166504
0.5228908061981201
0.5041697025299072
0.5122561454772949
0.5156280994415283
0.5156276226043701
0.5158290863037109
0.5188684463500977
0.5254333019256592
0.508094310760498
0.5156068801879883
0.5080673694610596
0.5162868499755859
0.5083441734313965
0.520766019821167
0.50461745262146
0.5156269073486328
0.5052118301391602
0.5156278610229492
0.5226595401763916
0.511329174041748
0.5052509307861328
0.5088880062103271
0.505326509475708
0.5193066596984863
0.5159878730773926
0.5079007148742676
0.5062897205352783
0.5202422142028809
0.5165243148803711
0.5084779262542725
0.5060629844665527
0.5092024803161621
0.5192584991455078
0.5202279090881348
0.506948709487915
0.5094516277313232
0.511760950088501
0.5058317184448242
0.5037674903869629
0.5227227210998535
0.5163607597351074
0.5061745643615723
0.5161283016204834
0.5103073120117188
0.5055079460144043
0.5201175212860107
0.5133011341094971
0.505770206451416
0.5160138607025146
0.5206515789031982
0.5104646682739258
0.5158452987670898
0.5087757110595703
0.5204029083251953
0.5250821113586426
0.5166177749633789
0.5058753490447998
0.5003011226654053
0.5109682083129883
0.5105781555175781
0.5156254768371582
0.515632152557373
0.5044512748718262
0.5315098762512207
0.5200259685516357
0.5079481601715088
0.5051281452178955
0.5158674716949463
0.518153190612793
0.5152418613433838
0.5217680931091309
0.5166478157043457
0.5032038688659668
0.5050694942474365
0.5160014629364014
0.5020720958709717
0.5203742980957031
0.5024001598358154
0.5225017070770264
0.5240230560302734
0.5203602313995361
0.5067384243011475
0.5152571201324463
0.5164923667907715
0.5112152099609375
0.5113711357116699
0.524406909942627
0.5164921283721924
0.5247201919555664
0.5312497615814209
0.5124313831329346
0.5160117149353027
0.5087885856628418
0.516249418258667
0.5117330551147461
0.512627124786377
0.5155134201049805
0.5190246105194092
0.516002893447876
0.513085126876831
0.5092580318450928
0.5157346725463867
0.5308630466461182
0.5179474353790283
0.5073893070220947
0.5200450420379639
0.5053248405456543
0.5024023056030273
0.5197689533233643
0.5250527858734131
0.515622615814209
0.5085315704345703
0.5156271457672119
0.5163853168487549
0.5138885974884033
0.5181598663330078
0.5156219005584717
0.5160090923309326
0.5187473297119141
0.5156188011169434
0.5063104629516602
0.5160360336303711
0.5233983993530273
0.5164813995361328
0.5109519958496094
0.5053350925445557
0.5085470676422119
0.504145622253418
0.5159251689910889
0.5212001800537109
0.5060024261474609
0.51192307472229
0.5156278610229492
0.5081264972686768
0.5097010135650635
0.5015606880187988
0.5074222087860107
0.5226540565490723
0.5062534809112549
0.5136878490447998
0.5208349227905273
0.5160465240478516
0.5218098163604736
0.5301594734191895
0.5076000690460205
0.5204451084136963
0.5011930465698242
0.5165822505950928
0.5130853652954102
0.5120031833648682
0.5178537368774414
0.5149798393249512
0.5163214206695557
0.508439302444458
0.5064828395843506
0.5209908485412598
0.5072903633117676
0.5224783420562744
0.5086591243743896
0.508563756942749
0.5156064033508301
0.5061666965484619
0.5163660049438477
0.5160069465637207
0.515622615814209
0.5079693794250488
0.5156316757202148
0.5156340599060059
0.5184690952301025
0.5149946212768555
0.5081169605255127
0.5238893032073975
0.5134999752044678
0.520881175994873
0.5157721042633057
0.515669584274292
0.5066878795623779
0.508897066116333
0.5261292457580566
0.5157701969146729
0.5246610641479492
0.5243117809295654
0.511193037033081
0.5221073627471924
0.505927562713623
0.5126709938049316
0.5133440494537354
0.5199868679046631
0.5242316722869873
0.5152766704559326
0.5217828750610352
0.5200614929199219
0.5200812816619873
0.5072400569915771
0.5165622234344482
0.5092945098876953
0.5231988430023193
0.5211799144744873
0.515704870223999
0.5225870609283447
0.5084114074707031
0.5142486095428467
0.5263502597808838
0.5178298950195312
0.5226054191589355
0.522714376449585
0.5152342319488525
0.520071268081665
0.5021929740905762
0.5072009563446045
0.5159916877746582
0.5159926414489746
0.5174551010131836
0.5160009860992432
0.518690824508667
0.5160300731658936
0.5161261558532715
0.5158007144927979
0.5162076950073242
0.516167402267456
0.5291368961334229
0.5156455039978027
0.5168507099151611
0.5202229022979736
0.5042135715484619
0.5097498893737793
0.5234742164611816
0.5249931812286377
0.5312509536743164
0.5056900978088379
0.5156254768371582
0.5231282711029053
0.5055687427520752
0.5069894790649414
0.5141363143920898
0.5159976482391357
0.5121378898620605
0.5180113315582275
0.5053350925445557
0.5156915187835693
0.526853084564209
0.5179104804992676
0.5233652591705322
0.5121512413024902
0.5148446559906006
0.5109093189239502
0.5095975399017334
0.5058004856109619
0.5221076011657715
0.5250036716461182
0.5147631168365479
0.5048873424530029
0.5165579319000244
0.5228147506713867
0.5168936252593994
0.5062839984893799
0.5131492614746094
0.5185317993164062
0.5223755836486816
0.5074713230133057
0.514237642288208
0.523857831954956
0.5095653533935547
0.5073380470275879
0.5228374004364014
0.5152544975280762
0.5118081569671631
0.5107235908508301
0.506629467010498
0.5085880756378174
0.5202512741088867
0.5158171653747559
0.5159227848052979
0.5252525806427002
0.5225050449371338
0.5156311988830566
0.5254664421081543
0.5129451751708984
0.522794246673584
0.5268113613128662
0.5156478881835938
0.5152449607849121
0.5219964981079102
0.5045013427734375
0.5045723915100098
0.5133860111236572
0.5162696838378906
0.5110814571380615
0.519967794418335
0.507988691329956
0.5156290531158447
0.501941442489624
0.5055363178253174
0.5213303565979004
0.5270669460296631
0.51507568359375
0.5156481266021729
0.5157272815704346
0.52140212059021
0.5083401203155518
0.5059359073638916
0.521414041519165
0.5051794052124023
0.5167956352233887
0.5159649848937988
0.5156545639038086
0.5162827968597412
0.5186936855316162
0.5226535797119141
0.5074436664581299
0.5159444808959961
0.5162131786346436
0.515225887298584
0.5159506797790527
0.5186779499053955
0.5197465419769287
0.5151305198669434
0.5117473602294922
0.5174851417541504
0.5155525207519531
0.5147926807403564
0.515286922454834
0.5109691619873047
0.5068435668945312
0.5082387924194336
0.5246939659118652
0.5216701030731201
0.5091183185577393
0.5058207511901855
0.5206377506256104
0.5114791393280029
0.513378381729126
0.5051636695861816
0.507373571395874
0.5122613906860352
0.506291389465332
0.5010178089141846
0.516157865524292
0.5159797668457031
0.5091538429260254
0.518491268157959
0.5070881843566895
0.5245916843414307
0.5210874080657959
0.5158264636993408
0.5249536037445068
0.5155422687530518
0.5098400115966797
0.5187561511993408
0.5257353782653809
0.5156350135803223
0.5152633190155029
0.5064980983734131
0.5222253799438477
0.5213425159454346
0.5081849098205566
0.5160067081451416
0.5208926200866699
0.5215785503387451
0.5217852592468262
0.5156245231628418
0.5079002380371094
0.517972469329834
0.5216710567474365
0.5156290531158447
0.5053572654724121
0.5196301937103271
0.5198771953582764
0.5187098979949951
0.51603102684021
0.5267035961151123
0.516639232635498
0.5204734802246094
0.5159375667572021
0.5156238079071045
0.5020191669464111
0.5105199813842773
0.5154554843902588
0.5131170749664307
0.5156333446502686
0.5156514644622803
0.514517068862915
0.5190553665161133
0.5205707550048828
0.5264377593994141
0.5165143013000488
0.5133166313171387
0.520869255065918
0.5047290325164795
0.5254874229431152
0.5080792903900146
0.5123164653778076
0.5076522827148438
0.5157475471496582
0.5271496772766113
0.5155034065246582
0.515998125076294
0.5228757858276367
0.5235939025878906
0.5153412818908691
0.5176668167114258
0.5158770084381104
0.5240209102630615
0.5157368183135986
0.5260593891143799
0.5161511898040771
0.5125021934509277
0.507317066192627
0.50630784034729
0.5134413242340088
0.5165369510650635
0.5160973072052002
0.5048224925994873
0.5055453777313232
0.5267434120178223
0.5114574432373047
0.5156412124633789
0.5204448699951172
0.5020503997802734
0.5204241275787354
0.5156316757202148
0.5210299491882324
0.5050523281097412
0.51613450050354
0.5223870277404785
0.5156764984130859
0.5156235694885254
0.5206778049468994
0.5234291553497314
0.5156292915344238
0.5151176452636719
0.5066633224487305
0.5156159400939941
0.5137214660644531
0.5145080089569092
0.5103719234466553
0.5105407238006592
0.5314433574676514
0.5102624893188477
0.5225038528442383
0.5104496479034424
0.5180881023406982
0.5242946147918701
0.5160250663757324
0.5266988277435303
0.5120651721954346
0.5230462551116943
0.509819507598877
0.5070247650146484
0.5067145824432373
0.5061347484588623
0.5166215896606445
0.5224161148071289
0.5222105979919434
0.5096147060394287
0.5209357738494873
0.5156292915344238
0.5149359703063965
0.5226790904998779
0.5131354331970215
0.5229408740997314
0.5156409740447998
0.5090224742889404
0.5086016654968262
0.5020461082458496
0.5109784603118896
0.5015041828155518
0.5156371593475342
0.5141823291778564
0.5060899257659912
0.5221288204193115
0.5091085433959961
0.5227208137512207
0.5233850479125977
0.5159156322479248
0.5160012245178223
0.5171341896057129
0.5154397487640381
0.5115346908569336
0.5059661865234375
0.5148415565490723
0.5208618640899658
0.5168771743774414
0.5224111080169678
0.523080587387085
0.5058741569519043
0.5052826404571533
0.5209815502166748
0.5163528919219971
0.5157179832458496
0.5232813358306885
0.5218279361724854
0.5196371078491211
0.5099015235900879
0.5025699138641357
0.5217645168304443
0.5090360641479492
0.5186855792999268
0.5225763320922852
0.5129826068878174
0.5067253112792969
0.5253002643585205
0.5042726993560791
0.5068137645721436
0.5064918994903564
0.5031092166900635
0.5088169574737549
0.5060772895812988
0.5156333446502686
0.5108616352081299
0.5086250305175781
0.5208091735839844
0.5047707557678223
0.5313031673431396
0.5071728229522705
0.5034687519073486
0.5205674171447754
0.5049464702606201
0.5210633277893066
0.5175464153289795
0.5160109996795654
0.5183830261230469
0.5059654712677002
0.5078585147857666
0.5049338340759277
0.5124921798706055
0.5220513343811035
0.5054569244384766
0.518197774887085
0.5039174556732178
0.5058152675628662
0.5183722972869873
0.5086550712585449
0.5204558372497559
0.5156288146972656
0.5049400329589844
0.5236265659332275
0.5054342746734619
0.515636682510376
0.5195121765136719
0.5157854557037354
0.5110893249511719
0.5067787170410156
0.5263731479644775
0.516434907913208
0.5059030055999756
0.513540506362915
0.5169808864593506
0.5030107498168945
0.5248856544494629
0.515634298324585
0.5161571502685547
0.5140087604522705
0.5164670944213867
0.5092616081237793
0.5160613059997559
0.5090837478637695
0.5160086154937744
0.5155990123748779
0.523082971572876
0.5090546607971191
0.515629768371582
0.5159709453582764
0.5157101154327393
0.5072512626647949
0.5136408805847168
0.5117430686950684
0.516488790512085
0.515498161315918
0.5125558376312256
0.5221788883209229
0.5060267448425293
0.5162553787231445
0.5075652599334717
0.5087213516235352
0.5182516574859619
0.5160164833068848
0.5065886974334717
0.513293981552124
0.5168712139129639
0.5159318447113037
0.51601243019104
0.521791934967041
0.522148609161377
0.5090484619140625
0.504448652267456
0.5161166191101074
0.5090541839599609
0.5156323909759521
0.5211408138275146
0.5148828029632568
0.5186080932617188
0.5073473453521729
0.5045349597930908
0.506580114364624
0.5160982608795166
0.5286612510681152
0.5067765712738037
0.5131473541259766
0.518286943435669
0.5064764022827148
0.5161147117614746
0.5218665599822998
0.5221371650695801
0.5160140991210938
0.5027375221252441
0.5060911178588867
0.5156798362731934
0.5077402591705322
0.5041472911834717
0.5209732055664062
0.5165152549743652
0.5284781455993652
0.5241365432739258
0.5199759006500244
0.5152559280395508
0.5156311988830566
0.5072774887084961
0.5160295963287354
0.5088913440704346
0.5160117149353027
0.5130610466003418
0.5159823894500732
0.5156173706054688
0.515866756439209
0.5165488719940186
0.525632381439209
0.5201709270477295
0.5074813365936279
0.5177178382873535
0.5232319831848145
0.5202581882476807
0.5036180019378662
0.5156271457672119
0.5147590637207031
0.5161645412445068
0.5096354484558105
0.5255694389343262
0.5208168029785156
0.5157146453857422
0.5080432891845703
0.5126137733459473
0.5019419193267822
0.5158040523529053
0.5198245048522949
0.5099108219146729
0.5159308910369873
0.5109460353851318
0.5205426216125488
0.5116181373596191
0.5156774520874023
0.525731086730957
0.5156795978546143
0.5081684589385986
0.5251402854919434
0.5215086936950684
0.5202374458312988
0.5117919445037842
0.523090124130249
0.5041184425354004
0.5142860412597656
0.5060133934020996
0.520240306854248
0.5040674209594727
0.5184087753295898
0.5203239917755127
0.5160143375396729
0.5059819221496582
0.5210161209106445
0.5039896965026855
0.5197205543518066
0.5160365104675293
0.5147726535797119
0.5159637928009033
0.5113544464111328
0.5218982696533203
0.5159506797790527
0.5278949737548828
0.5057172775268555
0.5229008197784424
0.5123350620269775
0.5237348079681396
0.5081484317779541
0.5175457000732422
0.5178029537200928
0.5158355236053467
0.5044848918914795
0.5046231746673584
0.5071496963500977
0.5053541660308838
0.506401777267456
0.5046806335449219
0.5113222599029541
0.5176756381988525
0.502561092376709
0.5163257122039795
0.511216402053833
0.5119378566741943
0.5094382762908936
0.5192904472351074
0.5164773464202881
0.502769947052002
0.5139603614807129
0.5136241912841797
0.5080282688140869
0.5229923725128174
0.5052213668823242
0.520056962966919
0.5178251266479492
0.5160150527954102
0.5056495666503906
0.5160994529724121
0.5119297504425049
0.506091833114624
0.5085914134979248
0.5154876708984375
0.5031816959381104
0.5219628810882568
0.5064702033996582
0.518500804901123
0.5155892372131348
0.5133688449859619
0.5312435626983643
0.5182085037231445
0.5154857635498047
0.5023071765899658
0.531254768371582
0.5159163475036621
0.5156607627868652
0.5101449489593506
0.5163252353668213
0.5107908248901367
0.5262069702148438
0.5162091255187988
0.5104248523712158
0.5155138969421387
0.5165841579437256
0.5184776782989502
0.5157876014709473
0.5200991630554199
0.5082581043243408
0.5156590938568115
0.5287177562713623
0.5131621360778809
0.5119800567626953
0.5081295967102051
0.5257718563079834
0.5229048728942871
0.5227267742156982
0.5252041816711426
0.5110244750976562
0.5086190700531006
0.5050103664398193
0.5018777847290039
0.5163519382476807
0.5017681121826172
0.5061600208282471
0.515784502029419
0.5130863189697266
0.5122003555297852
0.526106595993042
0.5228970050811768
0.517493724822998
0.503199577331543
0.508171796798706
0.5075759887695312
0.5203902721405029
0.512728214263916
0.5093686580657959
0.5266001224517822
0.5198616981506348
0.5118260383605957
0.5156426429748535
0.513582706451416
0.527033805847168
0.5164179801940918
0.5070278644561768
0.5078928470611572
0.5257179737091064
0.506237268447876
0.5051841735839844
0.5140535831451416
0.5211296081542969
0.5025367736816406
0.5211470127105713
0.5169284343719482
0.5233044624328613
0.5138626098632812
0.5239071846008301
0.5227584838867188
0.5156352519989014
0.5159978866577148
0.5160031318664551
0.5047965049743652
0.502887487411499
0.5064518451690674
0.5242664813995361
0.5209352970123291
0.5266985893249512
0.5253844261169434
0.5115077495574951
0.5095601081848145
0.5179989337921143
0.516230583190918
0.51926589012146
0.5094089508056641
0.5047883987426758
0.5209534168243408
0.5066237449645996
0.5179131031036377
0.5157091617584229
0.5152056217193604
0.5110902786254883
0.5223908424377441
0.5037455558776855
0.5111501216888428
0.5087757110595703
0.5223808288574219
0.5123670101165771
0.515805721282959
0.5158464908599854
0.5214242935180664
0.5108814239501953
0.5145280361175537
0.5271179676055908
0.5112957954406738
0.507333517074585
0.5160171985626221
0.526831865310669
0.5156266689300537
0.5147778987884521
0.5119190216064453
0.5176200866699219
0.5064306259155273
0.5124056339263916
0.5143675804138184
0.5228686332702637
0.516014575958252
0.5055134296417236
0.5129208564758301
0.5022110939025879
0.5027084350585938
0.5156195163726807
0.5166223049163818
0.5230436325073242
0.5171725749969482
0.5156378746032715
0.5103960037231445
0.5168838500976562
0.5226092338562012
0.5086328983306885
0.5240318775177002
0.5104548931121826
0.5056428909301758
0.502697229385376
0.5160195827484131
0.5050876140594482
0.5243101119995117
0.5252673625946045
0.5038652420043945
0.5232725143432617
0.5255827903747559
0.517857551574707
0.5238666534423828
0.5155653953552246
0.5177328586578369
0.5168468952178955
0.5066113471984863
0.5058581829071045
0.5054538249969482
0.5020623207092285
0.5219588279724121
0.5070509910583496
0.5160386562347412
0.5154719352722168
0.5087642669677734
0.5160186290740967
0.5208756923675537
0.5163908004760742
0.5032088756561279
0.5109624862670898
0.5208785533905029
0.5112676620483398
0.501415491104126
0.5077004432678223
0.5217628479003906
0.5125048160552979
0.515871524810791
0.5164625644683838
0.5199956893920898
0.5123231410980225
0.5191555023193359
0.508512020111084
0.5146071910858154
0.5107581615447998
0.5110971927642822
0.5081510543823242
0.5199236869812012
0.5230312347412109
0.502997875213623
0.50809645652771
0.5142033100128174
0.5149490833282471
0.5226023197174072
0.5212244987487793
0.5055584907531738
0.526036262512207
0.5170655250549316
0.5190246105194092
0.5042290687561035
0.5054910182952881
0.50534987449646
0.5085701942443848
0.5058789253234863
0.504826545715332
0.5109937191009521
0.5072104930877686
0.506340742111206
0.5161945819854736
0.5142669677734375
0.5153005123138428
0.5160002708435059
0.5140080451965332
0.5229346752166748
0.5156006813049316
0.5164072513580322
0.5060977935791016
0.5211420059204102
0.5071604251861572
0.5304534435272217
0.5069255828857422
0.5215446949005127
0.502197265625
0.5076842308044434
0.5211474895477295
0.5224881172180176
0.5166816711425781
0.5098628997802734
0.5159282684326172
0.52166748046875
0.5052640438079834
0.5082478523254395
0.5059835910797119
0.5025155544281006
0.5216541290283203
0.5160012245178223
0.5174849033355713
0.5211429595947266
0.5128169059753418
0.5117614269256592
0.5156905651092529
0.5010280609130859
0.5214765071868896
0.5146267414093018
0.5216259956359863
0.52152419090271
0.5157608985900879
0.509087085723877
0.5221211910247803
0.5207905769348145
0.5064394474029541
0.5279979705810547
0.5145833492279053
0.5245945453643799
0.5234935283660889
0.5165767669677734
0.5111544132232666
0.5230722427368164
0.5031085014343262
0.5250425338745117
0.5092792510986328
0.5091490745544434
0.5156338214874268
0.5217461585998535
0.5164892673492432
0.5179085731506348
0.5279674530029297
0.5169188976287842
0.5064477920532227
0.5156352519989014
0.5146093368530273
0.514672040939331
0.5059692859649658
0.5165514945983887
0.5157809257507324
0.5163464546203613
0.5248606204986572
0.5054306983947754
0.505246639251709
0.5156338214874268
0.5045299530029297
0.5155413150787354
0.5102705955505371
0.5156598091125488
0.5172326564788818
0.5064365863800049
0.5156230926513672
0.507347583770752
0.5029022693634033
0.5222642421722412
0.5160238742828369
0.5065586566925049
0.5234880447387695
0.507441520690918
0.5029337406158447
0.505648136138916
0.510089635848999
0.5156292915344238
0.5094649791717529
0.5052938461303711
0.5162396430969238
0.5143904685974121
0.5028269290924072
0.5227341651916504
0.5162155628204346
0.5152430534362793
0.5211496353149414
0.5135557651519775
0.5156240463256836
0.5130336284637451
0.5021092891693115
0.509493350982666
0.505702018737793
0.5160994529724121
0.517798900604248
0.5156369209289551
0.5071942806243896
0.5207209587097168
0.5028557777404785
0.5084455013275146
