0.499723
0.499037
0.504584
0.509388
0.499234
0.493875
0.499901
0.499894
0.498042
0.498425
0.497434
0.512999
0.512588
0.49524
0.492079
0.512128
0.507988
0.488146
0.499137
0.507211
0.500926
0.501412
0.494974
0.496866
0.499824
0.496479
0.503764
0.506029
0.498223
0.509528
0.511214
0.495841
0.501885
0.504269
0.50394
0.490883
0.491147
0.495881
0.493051
0.495341
0.503313
0.489034
0.498197
0.500882
0.491315
0.491647
0.486299
0.487948
0.501374
0.4913
0.493389
0.494819
0.495712
0.513027
0.48462
0.50356
0.504756
0.493883
0.505174
0.505657
0.489009
0.489608
0.488757
0.502056
0.500904
0.492196
0.493779
0.498732
0.501267
0.492954
0.498648
0.4947
0.509125
0.4963
0.511757
0.489519
0.500522
0.506332
0.490981
0.492037
0.493922
0.494789
0.496271
0.491682
0.486832
0.505137
0.497177
0.491052
0.487213
0.484526
0.486395
0.502007
0.497755
0.494689
0.500915
0.493313
0.498453
0.49795
0.4982
0.49201
0.503553
0.505261
0.505771
0.500945
0.495902
0.498661
0.496349
0.512767
0.504363
0.502529
0.498029
0.510973
0.508215
0.505681
0.512109
0.503612
0.498407
0.496078
0.509338
0.510956
0.499006
0.510206
0.496045
0.494905
0.505233
0.485967
0.502438
0.514033
0.496206
0.493333
0.495442
0.490662
0.499706
0.496402
0.487355
0.513481
0.511126
0.497809
0.50589
0.500765
0.487807
0.502448
0.502827
0.499386
0.499514
0.491068
0.495551
0.505917
0.490839
0.500741
0.502437
0.495193
0.491482
0.510886
0.488701
0.510528
0.499921
0.50004
0.496624
0.498932
0.493399
0.496323
0.491322
0.50077
0.496745
0.501559
0.495614
0.50455
0.497011
0.501091
0.503081
0.498831
0.503927
0.49743
0.49751
0.492105
0.504893
0.501612
0.499931
0.497616
0.501307
0.500141
0.500606
0.499829
0.501825
0.48937
0.510744
0.507618
0.490658
0.49574
0.494787
0.496585
0.498854
0.509329
0.510277
0.504885
0.495383
0.500947
0.509998
0.505417
0.506283
0.497136
0.493558
0.490514
0.500459
0.510158
0.509786
0.496024
0.507548
0.506528
0.493848
0.49723
0.491024
0.490097
0.491389
0.504246
0.504963
0.500355
0.492674
0.498403
0.504949
0.493292
0.501524
0.493041
0.499662
0.489036
0.495184
0.509832
0.51255
0.50701
0.493604
0.499205
0.498232
0.503972
0.502998
0.505998
0.492757
0.495495
0.512312
0.509301
0.497076
0.505586
0.491942
0.49081
0.485632
0.504038
0.501323
0.499783
0.494125
0.502191
0.500967
0.497661
0.496629
0.493878
0.496706
0.508779
0.506539
0.504943
0.491408
0.488692
0.504816
0.494605
0.491825
0.495096
0.496743
0.485533
0.512289
0.488981
0.500082
0.499671
0.50631
0.505762
0.486692
0.496627
0.501756
0.510735
0.503416
0.485898
0.512311
0.51432
0.496307
0.504147
0.496397
0.492195
0.509833
0.507591
0.494348
0.497027
0.497633
0.504016
0.500206
0.500535
0.509304
0.509021
0.49966
0.486354
0.485328
0.499239
0.48904
0.511618
0.506515
0.491462
0.50356
0.512247
0.491482
0.513508
0.511475
0.502673
0.490143
0.496099
0.501795
0.496745
0.490772
0.505432
0.494022
0.496298
0.499736
0.499298
0.503659
0.488301
0.496334
0.492801
0.504502
0.50458
0.501515
0.503022
0.497567
0.490577
0.502536
0.50195
0.489174
0.487195
0.494282
0.499935
0.506673
0.50509
0.48789
0.505641
0.500711
0.498316
0.50079
0.49332
0.504874
0.501028
0.502922
0.506737
0.503103
0.499796
0.500503
0.497297
0.510829
0.500918
0.494428
0.490803
0.504659
0.505648
0.490786
0.496422
0.493017
0.496175
0.495907
0.49216
0.497863
0.501049
0.487391
0.498325
0.500671
0.496975
0.50338
0.491384
0.496686
0.497337
0.50124
0.512529
0.494767
0.495403
0.495482
0.493726
0.496452
0.493887
0.495472
0.496565
0.492966
0.490154
0.490076
0.497046
0.502215
0.504301
0.499833
0.499699
0.492474
0.495652
0.495416
0.505337
0.493887
0.490801
0.487636
0.499018
0.494806
0.495599
0.495272
0.498678
0.4998
0.513571
0.509701
0.500805
0.501294
0.502422
0.511943
0.490905
0.498354
0.508188
0.494916
0.496361
0.496728
0.495022
0.499582
0.488279
0.513077
0.505916
0.498832
0.500982
0.500797
0.502176
0.505557
0.502539
0.503456
0.489153
0.500505
0.501243
0.504658
0.49734
0.498829
0.514654
0.496032
0.498142
0.498098
0.497583
0.506179
0.497142
0.496462
0.500407
0.502213
0.496726
0.497394
0.496148
0.501957
0.503752
0.512794
0.498119
0.493422
0.493986
0.488985
0.496107
0.494659
0.496102
0.495969
0.495654
0.498611
0.500836
0.493572
0.495499
0.500848
0.498359
0.497505
0.496566
0.504949
0.498574
0.495243
0.49365
0.505374
0.498653
0.492241
0.505587
0.4991
0.505149
0.504707
0.496956
0.494976
0.497105
0.500305
0.496538
0.4942
0.496632
0.496991
0.507673
0.497343
0.509931
0.495578
0.496911
0.495835
0.492594
0.496449
0.501431
0.500037
0.491159
0.492419
0.496749
0.495575
0.505099
0.499942
0.496212
0.496496
0.495332
0.490655
0.502714
0.497959
0.489932
0.497063
0.50168
0.492305
0.490466
0.49015
0.496028
0.499334
0.496002
0.491736
0.497586
0.492788
0.497649
0.507478
0.496672
0.502268
0.500214
0.490523
0.494717
0.499727
0.496734
0.493085
0.499038
0.487383
0.499757
0.498087
0.491099
0.491555
0.497679
0.489868
0.497083
0.500211
0.494431
0.51037
0.50211
0.499816
0.501298
0.51199
0.499211
0.498237
0.502767
0.500457
0.488227
0.492062
0.495646
0.497344
0.496298
0.49178
0.491014
0.500412
0.494403
0.502488
0.505526
0.506675
0.489393
0.492853
0.496783
0.496812
0.497596
0.496088
0.497647
0.501152
0.494393
0.512541
0.497006
0.495619
0.49686
0.491893
0.490898
0.495922
0.496863
0.504577
0.507175
0.4922
0.495426
0.497877
0.500462
0.495517
0.496516
0.49877
0.503384
0.49043
0.496743
0.505411
0.489773
0.496984
0.499748
0.49866
0.496805
0.494284
0.504848
0.50326
0.500483
0.495827
0.496219
0.507699
0.503196
0.500982
0.499067
0.496334
0.492851
0.50044
0.496956
0.503402
0.500618
0.5074
0.501274
0.498491
0.499128
0.500044
0.493895
0.510972
0.496212
0.500347
0.498129
0.496818
0.507294
0.499177
0.499212
0.497181
0.499198
0.499446
0.490864
0.499345
0.496291
0.501338
0.499823
0.493384
0.489824
0.505911
0.504514
0.496052
0.49685
0.5017
0.50035
0.504831
0.497404
0.495087
0.504174
0.49785
0.492223
0.494429
0.505092
0.49621
0.505742
0.503211
0.501499
0.500149
0.496794
0.508452
0.493074
0.499472
0.498729
0.49447
0.490637
0.49983
0.500321
0.486118
0.49062
0.495886
0.494696
0.492263
0.494289
0.495223
0.512812
0.512775
0.495548
0.48699
0.502833
0.4895
0.490835
0.498783
0.492653
0.494914
0.496551
0.493318
0.51151
0.509103
0.505266
0.49162
0.490854
0.502005
0.486856
0.490974
0.49562
0.503847
0.497334
0.51046
0.50961
0.49666
0.500353
0.499294
0.50942
0.510473
0.487004
0.491581
0.493428
0.491383
0.495601
0.49268
0.492046
0.489703
0.487999
0.489271
0.497937
0.500302
0.494456
0.488112
0.491379
0.490831
0.502471
0.496677
0.496406
0.491076
0.506833
0.496161
0.49842
0.496431
0.494831
0.496317
0.495326
0.492815
0.493365
0.490483
0.5023
0.503535
0.500656
0.505565
0.499346
0.509723
0.506923
0.496796
0.502608
0.499167
0.494232
0.494063
0.499521
0.484845
0.50387
0.498708
0.49286
0.499172
0.494424
0.496161
0.493019
0.49394
0.500693
0.493745
0.513072
0.50637
0.507799
0.494006
0.486622
0.502047
0.490627
0.495136
0.498066
0.499553
0.497258
0.499954
0.501704
0.505922
0.504737
0.499357
0.493752
0.501994
0.490267
0.485949
0.509215
0.496946
0.491668
0.500472
0.508301
0.498584
0.508023
0.496725
0.495936
0.486856
0.507876
0.496344
0.49095
0.502598
0.50882
0.505094
0.494233
0.501577
0.488842
0.502324
0.498501
0.487197
0.492596
0.493859
0.499158
0.493234
0.494578
0.490149
0.490857
0.493569
0.495783
0.493131
0.497137
0.50676
0.502394
0.488636
0.50995
0.506491
0.49587
0.498803
0.502824
0.506653
0.493915
0.492892
0.498835
0.509545
0.495246
0.500638
0.499442
0.496164
0.506205
0.500798
0.504383
0.4949
0.498233
0.497522
0.49939
0.490004
0.489263
0.508779
0.501027
0.496755
0.490228
0.500943
0.4943
0.505867
0.500298
0.488227
0.487012
0.498366
0.497721
0.500701
0.497192
0.493746
0.490499
0.485102
0.506067
0.490656
0.48772
0.490236
0.491892
0.498741
0.49438
0.500327
0.486573
0.500725
0.492235
0.500341
0.49597
0.503601
0.486157
0.502761
0.503277
0.499919
0.505755
0.488507
0.492823
0.488319
0.492397
0.497964
0.504746
0.488349
0.505406
0.49311
0.486994
0.485903
0.487307
0.494296
0.498643
0.495553
0.506987
0.506411
0.501321
0.492957
0.504536
0.502647
0.4968
0.490061
0.502125
0.485686
0.506368
0.492086
0.486886
0.511574
0.506607
0.502393
0.493479
0.495487
0.487689
0.505808
0.500967
0.499555
0.492415
0.502859
0.49928
0.490657
0.495666
0.51063
0.496349
0.486144
0.504012
0.500461
0.508181
0.493929
0.506431
0.502309
0.496098
0.497683
0.498385
0.497913
0.489291
0.497453
0.496572
0.501581
0.504237
0.49315
0.501772
0.492122
0.490624
0.489216
0.49627
0.513133
0.499361
0.493567
0.49638
0.495589
0.485916
0.51012
0.492279
0.498653
0.498784
0.49762
0.497014
0.502253
0.495919
0.496227
0.498696
0.48927
0.49309
0.508985
0.502972
0.498611
0.506866
0.497774
0.492097
0.492113
0.509547
0.506436
0.488327
0.485346
0.502196
0.504473
0.495823
0.496826
0.511523
0.500198
0.512821
0.490391
0.491261
0.490913
0.491315
0.506786
0.506507
0.497415
0.494548
0.496793
0.492011
0.495344
0.489363
0.491302
0.513757
0.498625
0.499366
0.503193
0.504568
0.495939
0.50701
0.499388
0.499196
0.487706
0.50295
0.502559
0.500959
0.509372
0.504653
0.50459
0.486318
0.488869
0.504406
0.501704
0.505759
0.49182
0.490863
0.512375
0.501741
0.495899
0.488693
0.500647
0.49995
0.492935
0.501848
0.511513
0.504813
0.494291
0.496827
0.508668
0.495308
0.494527
0.495333
0.492198
0.499733
0.491871
0.486425
0.50055
0.498296
0.49793
0.488072
0.496296
0.500605
0.502546
0.497634
0.498091
0.497737
0.511019
0.507658
0.497988
0.496734
0.493153
0.500106
0.497122
0.506751
0.506024
0.500598
0.492466
0.495977
0.502842
0.502542
0.500875
0.502234
0.498811
0.511712
0.497148
0.497788
0.501491
0.510791
0.501176
0.493733
0.490062
0.501115
0.502778
0.497558
0.494095
0.502175
0.503594
0.501005