0.506399
0.514979
0.507499
0.502242
0.51154
0.500332
0.505322
0.50633
0.518123
0.503424
0.516047
0.502275
0.508883
0.500677
0.517361
0.503353
0.50914
0.501921
0.512287
0.505852
0.503906
0.509087
0.514612
0.515314
0.509012
0.512577
0.512791
0.5077
0.516788
0.500626
0.504187
0.505835
0.520014
0.503788
0.509541
0.505783
0.510483
0.502701
0.516514
0.518436
0.514904
0.516407
0.500278
0.506344
0.505108
0.508438
0.506844
0.50658
0.502266
0.518784
0.505211
0.507408
0.503006
0.519829
0.517254
0.501762
0.508728
0.500431
0.502048
0.518677
0.523941
0.507126
0.503719
0.516766
0.510899
0.500477
0.506748
0.508297
0.514229
0.51585
0.519745
0.511871
0.505447
0.517197
0.505005
0.50898
0.51223
0.505394
0.517654
0.510406
0.508537
0.516937
0.509071
0.504555
0.507591
0.504837
0.507019
0.503151
0.510376
0.508934
0.502174
0.509216
0.504219
0.513069
0.513199
0.510361
0.503189
0.524155
0.505707
0.515442
0.507416
0.503487
0.513832
0.505432
0.521317
0.510727
0.50193
0.514305
0.516708
0.507591
0.508965
0.512077
0.512718
0.513229
0.519356
0.511421
0.508965
0.516739
0.502533
0.510063
0.515511
0.510483
0.507774
0.5131
0.50177
0.50531
0.521606
0.511444
0.502457
0.513474
0.504883
0.515793
0.505814
0.502563
0.517044
0.518311
0.5103
0.524231
0.506989
0.50444
0.506317
0.503769
0.502365
0.509262
0.514755
0.503311
0.50946
0.506531
0.508331
0.522446
0.508652
0.514847
0.51413
0.505173
0.503021
0.519516
0.513031
0.501236
0.520126
0.511078
0.51239
0.504791
0.516785
0.509125
0.522308
0.50827
0.514938
0.511887
0.505569
0.509415
0.505585
0.51329
0.510925
0.517654
0.511948
0.504486
0.511993
0.501938
0.500595
0.501785
0.50528
0.503189
0.511536
0.507767
0.508453
0.505066
0.513489
0.5121
0.519165
0.50705
0.50412
0.507812
0.525894
0.503418
0.515137
0.513214
0.502014
0.512299
0.521057
0.520065
0.501389
0.524429
0.51062
0.504517
0.507568
0.513733
0.513885
0.505829
0.515228
0.515259
0.512512
0.518768
0.507812
0.511292
0.505402
0.500519
0.500488
0.502136
0.50296
0.505341
0.504395
0.502655
0.512573
0.506927
0.504944
0.508209
0.51413
0.501587
0.515228
0.516266
0.505341
0.51709
0.515228
0.503265
0.508606
0.501007
0.51535
0.519958
0.504669
0.506378
0.508179
0.5112
0.505066
0.523376
0.519562
0.51535
0.505157
0.511169
0.50528
0.516083
0.522095
0.504425
0.512329
0.520111
0.515076
0.501038
0.504395
0.517029
0.500702
0.50769
0.520996
0.514099
0.502808
0.509003
0.500854
0.517517
0.516724
0.501465
0.511841
0.517181
0.508118
0.500824
0.510315
0.511353
0.508881
0.516144
0.511719
0.519043
0.500366
0.514221
0.51178
0.511017
0.509186
0.515686
0.501801
0.512787
0.515259
0.507111
0.501556
0.506927
0.510345
0.511444
0.515137
0.510498
0.50528
0.503082
0.502167
0.514587
0.502136
0.502747
0.507141
0.500305
0.501251
0.516296
0.514282
0.504883
0.505859
0.520294
0.515137
0.51004
0.505035
0.51239
0.518066
0.522156
0.521454
0.514801
0.52182
0.507324
0.504242
0.51059
0.504669
0.514832
0.502136
0.505676
0.502899
0.509186
0.507507
0.508942
0.507507
0.501923
0.51062
0.507111
0.504181
0.50827
0.507141
0.514282
0.502563
0.514221
0.500183
0.511139
0.502258
0.502838
0.500793
0.512238
0.506195
0.501984
0.511414
0.514465
0.514862
0.515198
0.500641
0.513062
0.513489
0.500885
0.508118
0.514587
0.504211
0.500977
0.510315
0.506104
0.507996
0.50769
0.516052
0.521484
0.504639
0.51123
0.532166
0.514038
0.507446
0.521301
0.503723
0.514221
0.520752
0.504639
0.516785
0.503967
0.509521
0.519836
0.510742
0.516968
0.505432
0.509033
0.50177
0.514343
0.50885
0.502502
0.505676
0.501404
0.512573
0.50592
0.506714
0.509338
0.515564
0.501709
0.522034
0.510254
0.521606
0.518433
0.505798
0.517883
0.524902
0.504761
0.508423
0.510132
0.500061
0.509583
0.515991
0.505981
0.507996
0.509094
0.51947
0.50238
0.521729
0.508545
0.508484
0.517883
0.511108
0.504822
0.517273
0.513
0.519043
0.504944
0.501038
0.505432
0.518555
0.511841
0.500488
0.513794
0.50415
0.51709
0.502991
0.506531
0.519836
0.519226
0.510315
0.516235
0.501404
0.505188
0.510864
0.523193
0.500061
0.504822
0.520691
0.515503
0.514282
0.518555
0.510376
0.514526
0.510986
0.519409
0.521179
0.516968
0.501709
0.503113
0.506165
0.512024
0.503479
0.524963
0.511719
0.505066
0.512024
0.500671
0.501526
0.511536
0.511841
0.505005
0.520386
0.502625
0.511475
0.522461
0.500183
0.506531
0.516357
0.502747
0.510193
0.50946
0.505066
0.509094
0.511169
0.508484
0.524658
0.520996
0.51593
0.509094
0.505615
0.513245
0.514282
0.524536
0.507751
0.516235
0.521362
0.506531
0.513489
0.517822
0.501526
0.504578
0.514648
0.50415
0.506287
0.516785
0.503845
0.501465
0.506348
0.513794
0.504272
0.50116
0.502991
0.508789
0.510071
0.511658
0.506958
0.507629
0.514404
0.518982
0.513
0.515991
0.513916
0.51355
0.519958
0.505066
0.50769
0.512024
0.507996
0.502686
0.511475
0.509521
0.50946
0.502808
0.501404
0.508972
0.508606
0.502258
0.522705
0.521484
0.521606
0.502991
0.504944
0.519592
0.510986
0.50647
0.518799
0.511292
0.518738
0.503235
0.519592
0.523315
0.503235
0.523621
0.50592
0.500916
0.51825
0.510071
0.523743
0.50531
0.510803
0.500977
0.50531
0.508545
0.51062
0.505554
0.512695
0.503723
0.506775
0.508484
0.517395
0.512939
0.513611
0.506653
0.510254
0.508484
0.514099
0.514343
0.506531
0.512756
0.504944
0.513733
0.509155
0.506897
0.515137
0.500244
0.509583
0.507935
0.514221
0.500122
0.506531
0.511292
0.510803
0.506165
0.512512
0.524109
0.507202
0.510742
0.523804
0.513977
0.505737
0.501465
0.50116
0.521057
0.505005
0.513245
0.503723
0.512817
0.50708
0.512695
0.511597
0.500671
0.51123
0.505493
0.510498
0.513367
0.516174
0.521667
0.50708
0.503845
0.507629
0.503967
0.501831
0.517639
0.508118
0.512451
0.50293
0.504456
0.502747
0.507202
0.521118
0.505859
0.522766
0.500977
0.502258
0.502808
0.502075
0.512146
0.503723
0.505371
0.515076
0.522217
0.500671
0.505859
0.500122
0.518738
0.514771
0.523499
0.500244
0.501526
0.514893
0.50354
0.508606
0.501038
0.51239
0.500305
0.502869
0.513733
0.510315
0.520813
0.508545
0.519775
0.511597
0.500671
0.517029
0.506531
0.513855
0.519043
0.5047
0.504333
0.505127
0.503418
0.512756
0.501587
0.502991
0.50293
0.500427
0.519775
0.521545
0.503052
0.500427
0.513977
0.50293
0.518738
0.501648
0.50415
0.503601
0.51947
0.504272
0.513794
0.501038
0.507507
0.503662
0.512085
0.51178
0.514587
0.505798
0.502625
0.509338
0.852356
0.500122
0.501892
0.517883
0.520813
0.510376
0.502502
0.512146
0.517273
0.501404
0.506287
0.513489
0.501038
0.502502
0.516052
0.504211
0.502136
0.500671
0.511902
0.518677
0.507202
0.503601
0.50177
0.513428
0.509094
0.523376
0.522156
0.520752
0.504211
0.512512
0.513306
0.511414
0.516785
0.520996
0.502136
0.517517
0.518738
0.511475
0.501282
0.504272
0.514648
0.507202
0.507385
0.50238
0.507812
0.503601
0.514221
0.507202
0.51947
0.519226
0.507935
0.514832
0.502197
0.502075
0.505798
0.506287
0.521179
0.503418
0.504883
0.515198
0.520691
0.511963
0.520264
0.508057
0.508911
0.518188
0.521729
0.505371
0.501221
0.501587
0.508301
0.516113
0.508301
0.52478
0.503174
0.510254
0.505981
0.505859
0.506714
0.512451
0.50647
0.512939
0.511353
0.512573
0.515869
0.505371
0.513306
0.521606
0.515747
0.504395
0.509155
0.505615
0.501465
0.515991
0.517456
0.514282
0.501831
0.500488
0.523071
0.507935
0.514282
0.51123
0.508789
0.510498
0.513184
0.518311
0.506226
0.510986
0.514771
0.503174
0.510376
0.508179
0.501953
0.509888
0.525635
0.501343
0.509766
0.513306
0.508057
0.514282
0.509033
0.503784
0.504517
0.503296
0.503662
0.5177
0.520996
0.508179
0.503784
0.523193
0.522217
0.519043
0.506714
0.506348
0.518677
0.504395
0.52002
0.50647
0.510742
0.506226
0.505981
0.506836
0.52002
0.515625
0.500732
0.514404
0.501831
0.519165
0.508179
0.503906
0.51355
0.515747
0.502686
0.518799
0.515259
0.514282
0.500244
0.522705
0.514526
0.516357
0.513672
0.512695
0.513306
0.517944
0.513062
0.509155
0.507935
0.506836
0.503418
0.514282
0.507935
0.511475
0.507324
0.52417
0.508179
0.522217
0.501587
0.50647
0.516235
0.515991
0.515625
0.515503
0.524292
0.508179
0.516846
0.503174
0.502563
0.510254
0.519287
0.521362
0.514771
0.512451
0.517334
0.512573
0.508179
0.504028
0.507935
0.513672
0.511841
0.503296
0.502319
0.520264
0.505493
0.505005
0.508545
0.519897
0.511597
0.50293
0.515259
0.503296
0.512573
0.501221
0.503784
0.511475
0.510986
0.507446
0.515137
0.510254
0.519287
0.510742
0.51355
0.506592
0.506592
0.51001
0.525269
0.52417
0.507812
0.512817
0.502808
0.509766
0.510132
0.507446
0.512085
0.505615
0.502563
0.514648
0.509521
0.506714
0.504272
0.506836
0.507202
0.518555
0.505371
0.501953
0.51123
0.500977
0.50354
0.50293
0.51416
0.517578
0.522095
0.515503
0.511841
0.524414
0.512329
0.514648
0.519165
0.512939
0.50354
0.510742
0.508911
0.503418
0.508545
0.500366
0.508423
0.511841
0.515137
0.516113
0.500488
0.522949
0.517578
0.501099
0.516846
0.500732
0.513794
0.504883
0.529663
0.522095
0.513794
0.500854
0.507812
0.514404
0.501099
0.500854
0.504517
0.50769
0.510986
0.50769
0.517944
0.52478
0.514648
0.501587
0.526367
0.505493
0.505249
0.509033
0.506958
0.512573
0.506714
0.511475
0.528809
0.505005
0.512207
0.516235
0.510986
0.506958
0.515503
0.511108
0.512085
0.508057
0.516724
0.511475
0.50415
0.51123
0.503052
0.508423
0.506226
0.511353
0.519653
0.520508
0.506714
0.516602
0.509644
0.510132
0.510254
0.509155
0.515137
0.513306
0.505249
0.514038
0.520142
0.519775
0.509277
0.513062
0.501709
0.51001
0.502686
0.507812
0.501831
0.518311
0.50647
0.508179
0.512329
0.51062
0.510132
0.50061
0.512451
0.50415
0.515991
0.522217
0.521362
0.501099
0.525757
0.509277
0.512207
0.5177
0.502441
0.526245
0.515747
0.511963
0.524536
0.505737
0.514282
0.512085
0.510132
0.511108
0.509644
0.515137
0.517578
0.50647
0.510254
0.526001
0.502319
0.509644
0.515381
0.508545
0.523926
0.507324
0.52478
0.503418
0.513306
0.502686
0.511963
0.507812
0.502441
