0.5151445865631104
0.49499034881591797
0.5068609714508057
0.4973430633544922
0.4929015636444092
0.500687837600708
0.49690985679626465
0.509613037109375
0.4904053211212158
0.5068550109863281
0.4986715316772461
0.4934568405151367
0.5074801445007324
0.49297666549682617
0.4988441467285156
0.5100820064544678
0.4999983310699463
0.5014326572418213
0.49134016036987305
0.5036783218383789
0.497983455657959
0.5096251964569092
0.48755908012390137
0.4992039203643799
0.5114181041717529
0.49966955184936523
0.4920687675476074
0.49823617935180664
0.501823902130127
0.4972977638244629
0.5102930068969727
0.49125218391418457
0.498882532119751
0.4985675811767578
0.5104749202728271
0.4927184581756592
0.5069525241851807
0.4886603355407715
0.5076563358306885
0.49292850494384766
0.506493091583252
0.5018422603607178
0.49489474296569824
0.5091977119445801
0.49527502059936523
0.4990227222442627
0.5070431232452393
0.49299144744873047
0.5055434703826904
0.4951608180999756
0.500988245010376
0.4919757843017578
0.5053966045379639
0.5051767826080322
0.502208948135376
0.4927351474761963
0.5082066059112549
0.4934518337249756
0.49439382553100586
0.5011622905731201
0.4994466304779053
0.5021533966064453
0.5032398700714111
0.5030701160430908
0.49970436096191406
0.48834753036499023
0.501115083694458
0.5098533630371094
0.493527889251709
0.5092132091522217
0.49706125259399414
0.49982738494873047
0.4910612106323242
0.5137884616851807
0.4960150718688965
0.49170351028442383
0.49959468841552734
0.5028407573699951
0.50081467628479
0.49491333961486816
0.500164270401001
0.5101008415222168
0.4998328685760498
0.4930272102355957
0.5081629753112793
0.5003652572631836
0.4870729446411133
0.5064418315887451
0.5063819885253906
0.49893689155578613
0.49604344367980957
0.4940149784088135
0.5137269496917725
0.4909377098083496
0.5053832530975342
0.4999971389770508
0.49788403511047363
0.5040421485900879
0.4932096004486084
0.505561351776123
0.49687743186950684
0.4981236457824707
0.5011177062988281
0.5040216445922852
0.5010056495666504
0.49121880531311035
0.4969141483306885
0.5127549171447754
0.49025797843933105
0.49982166290283203
0.4995911121368408
0.5026371479034424
0.4932119846343994
0.513761043548584
0.4986896514892578
0.5018246173858643
0.49561262130737305
0.5042247772216797
0.49103212356567383
0.5073180198669434
0.4958794116973877
0.4982924461364746
0.4972825050354004
0.5082263946533203
0.49600958824157715
0.4982717037200928
0.502711296081543
0.5021979808807373
0.48974156379699707
0.5040130615234375
0.49989843368530273
0.4984433650970459
0.5090086460113525
0.4945809841156006
0.49306297302246094
0.5091114044189453
0.502741813659668
0.49982666969299316
0.5036206245422363
0.49576544761657715
0.4978454113006592
0.4968433380126953
0.5000402927398682
0.5002903938293457
0.5032656192779541
0.4942927360534668
0.5012657642364502
0.502190113067627
0.5013909339904785
0.4947245121002197
0.49964094161987305
0.4979896545410156
0.5008256435394287
0.5137133598327637
0.4883255958557129
0.5014059543609619
0.5029189586639404
0.4989159107208252
0.507427453994751
0.48755311965942383
0.49846673011779785
0.5053646564483643
0.5081419944763184
0.49663257598876953
0.49600839614868164
0.49318456649780273
0.5048446655273438
0.5030138492584229
0.5031623840332031
0.5009765625
0.4897749423980713
0.5003182888031006
0.513073205947876
0.48805880546569824
0.506462574005127
0.49312806129455566
0.5057775974273682
0.5011615753173828
0.5014448165893555
0.49672746658325195
0.49342989921569824
0.49976229667663574
0.5004591941833496
0.5089080333709717
0.49869370460510254
0.5005929470062256
0.49464869499206543
0.5053486824035645
0.49468040466308594
0.501434326171875
0.49839329719543457
0.5026686191558838
0.4985082149505615
0.49550819396972656
0.509768009185791
0.49725937843322754
0.4939849376678467
0.5114896297454834
0.48895740509033203
0.49898695945739746
0.5054106712341309
0.49994325637817383
0.494429349899292
0.5103435516357422
0.4903223514556885
0.508298397064209
0.5038111209869385
0.4963712692260742
0.4908294677734375
0.5014395713806152
0.49822115898132324
0.513890266418457
0.49526095390319824
0.501929521560669
0.4931471347808838
0.49715161323547363
0.504979133605957
0.5037391185760498
0.5040938854217529
0.49296140670776367
0.5006754398345947
0.5011570453643799
0.49714231491088867
0.5059919357299805
0.4875757694244385
0.5115065574645996
0.49300217628479004
0.503570556640625
0.5074853897094727
0.4963569641113281
0.49431514739990234
0.4980041980743408
0.5002186298370361
0.5035364627838135
0.5018930435180664
0.48984432220458984
0.5017673969268799
0.5003564357757568
0.5082292556762695
0.5027148723602295
0.49805426597595215
0.49340081214904785
0.500812292098999
0.5038702487945557
0.49157071113586426
0.5083246231079102
0.5062158107757568
0.49796104431152344
0.4987294673919678
0.4993443489074707
0.502866268157959
0.49085330963134766
0.5085353851318359
0.4991471767425537
0.5014781951904297
0.4901456832885742
0.5071296691894531
0.4946553707122803
0.5029652118682861
0.49631166458129883
0.5067896842956543
0.48845553398132324
0.5117232799530029
0.4989314079284668
0.49225926399230957
0.4988975524902344
0.5086076259613037
0.5030157566070557
0.48865294456481934
0.4985363483428955
0.5115859508514404
0.5003533363342285
0.49112653732299805
0.5112564563751221
0.488811731338501
0.5009567737579346
0.5021250247955322
0.5079793930053711
0.4958822727203369
0.4999840259552002
0.4998016357421875
0.4902980327606201
0.5019164085388184
0.5089871883392334
0.4915609359741211
0.5014967918395996
0.5006430149078369
0.5053260326385498
0.4900689125061035
0.5064492225646973
0.5055408477783203
0.49391818046569824
0.5076174736022949
0.48555564880371094
0.5017735958099365
0.5053355693817139
0.4980611801147461
0.49621105194091797
0.5008237361907959
0.5039160251617432
0.5059823989868164
0.5019607543945312
0.496781587600708
0.4920976161956787
0.5043704509735107
0.4959731101989746
0.505347490310669
0.4992339611053467
0.4931473731994629
0.5016295909881592
0.4969449043273926
0.5076439380645752
0.5004079341888428
0.49610257148742676
0.4955024719238281
0.5040838718414307
0.5091941356658936
0.4980654716491699
0.5010597705841064
0.4899632930755615
0.4972038269042969
0.5129985809326172
0.48705053329467773
0.5079128742218018
0.49671053886413574
0.4991638660430908
0.5108070373535156
0.48853325843811035
0.5114827156066895
0.49625563621520996
0.4967474937438965
0.4937267303466797
0.5069563388824463
0.5007874965667725
0.49841976165771484
0.5005688667297363
0.5063800811767578
0.4882843494415283
0.5082051753997803
0.49451732635498047
0.4943723678588867
0.5110518932342529
0.49218106269836426
0.4997274875640869
0.505903959274292
0.4932107925415039
0.4992554187774658
0.5074033737182617
0.5033183097839355
0.5021159648895264
0.49359703063964844
0.5020565986633301
0.501013994216919
0.4910721778869629
0.5043206214904785
0.5013043880462646
0.49637556076049805
0.4981074333190918
0.5017964839935303
0.5068280696868896
0.5023257732391357
0.49999380111694336
0.4910731315612793
0.5044300556182861
0.5056986808776855
0.4994232654571533
0.49405455589294434
0.5052943229675293
0.5024442672729492
0.49435973167419434
0.5060672760009766
0.49170589447021484
0.49991607666015625
0.5066249370574951
0.48564839363098145
0.5152432918548584
0.4990696907043457
0.49454522132873535
0.4940297603607178
0.5102224349975586
0.5004246234893799
0.4935469627380371
0.5039184093475342
0.4953787326812744
0.4999217987060547
0.5085258483886719
0.49190783500671387
0.5079598426818848
0.49938535690307617
0.49230098724365234
0.5079944133758545
0.49274492263793945
0.5038609504699707
0.4943656921386719
0.5034518241882324
0.4958186149597168
0.4981706142425537
0.5041580200195312
0.49959325790405273
0.5084056854248047
0.4888126850128174
0.5060045719146729
0.504338264465332
0.49279284477233887
0.5046448707580566
0.4899885654449463
0.5061759948730469
0.5046532154083252
0.4914860725402832
0.5031349658966064
0.4982726573944092
0.4962151050567627
0.5033729076385498
0.5113389492034912
0.4915018081665039
0.49800562858581543
0.5100362300872803
0.4951808452606201
0.5018825531005859
0.4959545135498047
0.5016326904296875
0.5031514167785645
0.4950087070465088
0.5013432502746582
0.49839258193969727
0.501413106918335
0.5053648948669434
0.49124598503112793
0.49915647506713867
0.50527024269104
0.4912130832672119
0.5023541450500488
0.5004394054412842
0.5102920532226562
0.48517942428588867
0.508946418762207
0.5012345314025879
0.4965333938598633
0.4983634948730469
0.5101675987243652
0.48984313011169434
0.49918246269226074
0.5098345279693604
0.48613500595092773
0.5071513652801514
0.5005900859832764
0.50447678565979
0.4952878952026367
0.4953501224517822
0.5059990882873535
0.49289917945861816
0.499589204788208
0.5076706409454346
0.49540138244628906
0.49689579010009766
0.5073831081390381
0.5038971900939941
0.5020010471343994
0.49004626274108887
0.5061905384063721
0.4948244094848633
0.5032618045806885
0.5018689632415771
0.4962282180786133
0.5059463977813721
0.5000295639038086
0.49855923652648926
0.4942009449005127
0.5066976547241211
0.5004465579986572
0.49208712577819824
0.5051589012145996
0.4983959197998047
0.4972045421600342
0.5010364055633545
0.4962301254272461
0.5053870677947998
0.5016696453094482
0.49563002586364746
0.5012576580047607
0.507624626159668
0.49195432662963867
0.4961886405944824
0.49739909172058105
0.5067911148071289
0.5035450458526611
0.49796462059020996
0.4981393814086914
0.5012211799621582
0.506913423538208
0.48706698417663574
0.5130536556243896
0.4883263111114502
0.5098519325256348
0.4959852695465088
0.5027086734771729
0.5007362365722656
0.48915767669677734
0.5115077495574951
0.501680850982666
0.5002787113189697
0.4872612953186035
0.5128138065338135
0.4949178695678711
0.5010309219360352
0.5029342174530029
0.49506092071533203
0.5031321048736572
0.5000624656677246
0.4943103790283203
0.49929046630859375
0.49820613861083984
0.5019867420196533
0.49622511863708496
0.4999723434448242
0.5090188980102539
0.4919717311859131
0.5032012462615967
0.5031352043151855
0.4990358352661133
0.5055801868438721
0.4880802631378174
0.5101346969604492
0.4991884231567383
0.5013275146484375
0.48935556411743164
0.513941764831543
0.49288272857666016
0.494769811630249
0.5041525363922119
0.49459218978881836
0.4989798069000244
0.5142495632171631
0.4964935779571533
0.487091064453125
0.5027432441711426
0.5129964351654053
0.49717164039611816
0.48963093757629395
0.5070235729217529
0.5068509578704834
0.48642587661743164
0.5062694549560547
0.5033693313598633
0.4937577247619629
0.4956507682800293
0.5102829933166504
0.5021612644195557
0.4902212619781494
0.5114712715148926
0.4890766143798828
0.5077927112579346
0.5027475357055664
0.49791455268859863
0.49910974502563477
0.5006470680236816
0.49841809272766113
0.4950857162475586
0.5040857791900635
0.500056266784668
0.5044040679931641
0.48784351348876953
0.5002279281616211
0.5127544403076172
0.4986870288848877
0.5008642673492432
0.49982452392578125
0.4939706325531006
0.5065841674804688
0.4841296672821045
0.5090487003326416
0.5061726570129395
0.49402284622192383
0.503878116607666
0.48822665214538574
0.5012884140014648
0.5041556358337402
0.4977295398712158
0.5053777694702148
0.5047171115875244
0.5012731552124023
0.48840808868408203
0.5122790336608887
0.49366283416748047
0.5038700103759766
0.4913918972015381
0.5093774795532227
0.5015132427215576
0.49115538597106934
0.4990558624267578
0.5091001987457275
0.4870290756225586
0.5077245235443115
0.5038526058197021
0.4944899082183838
0.5020155906677246
0.49523019790649414
0.5055725574493408
0.4949934482574463
0.5088801383972168
0.49839234352111816
0.5000677108764648
0.5009739398956299
0.49482059478759766
0.4922189712524414
0.5024135112762451
0.50616455078125
0.4975156784057617
0.49652600288391113
0.49664306640625
0.5060107707977295
0.5068292617797852
0.4880549907684326
0.5112826824188232
0.49772095680236816
0.49968600273132324
0.4950375556945801
0.501023530960083
0.49329352378845215
0.504441499710083
0.5078084468841553
0.5023074150085449
0.48971986770629883
0.5039746761322021
0.49332237243652344
0.5048539638519287
0.5015714168548584
0.49927401542663574
0.49554944038391113
0.5088076591491699
0.5022127628326416
0.49138474464416504
0.5069644451141357
0.49672579765319824
0.5021941661834717
0.4932668209075928
0.49930500984191895
0.5116746425628662
0.49257540702819824
0.5011780261993408
0.4993760585784912
0.4966249465942383
0.509655237197876
0.4854269027709961
0.5063533782958984
0.49442577362060547
0.507213830947876
0.49483752250671387
0.5067300796508789
0.49314188957214355
0.5078210830688477
0.4971003532409668
0.49482297897338867
0.5092251300811768
0.5028655529022217
0.49210691452026367
0.5073287487030029
0.4903278350830078
0.5061948299407959
0.5047547817230225
0.4870162010192871
0.5055134296417236
0.4950075149536133
0.5047116279602051
0.5065491199493408
0.4932410717010498
0.5026497840881348
0.5037269592285156
0.4875211715698242
0.5126965045928955
0.4873385429382324
0.5119121074676514
0.5019187927246094
0.4952850341796875
0.49012112617492676
0.5073916912078857
0.4947504997253418
0.5013279914855957
0.4999213218688965
0.4965331554412842
0.5052399635314941
0.4967458248138428
0.5027403831481934
0.4982028007507324
0.5014321804046631
0.49604201316833496
0.5116188526153564
0.5014040470123291
0.49590229988098145
0.5034189224243164
0.49013781547546387
0.511805534362793
0.48664331436157227
0.5085670948028564
0.4910874366760254
0.5003807544708252
0.49982428550720215
0.5031476020812988
0.5050702095031738
0.4971137046813965
0.4968132972717285
0.5059194564819336
0.49976229667663574
0.49321627616882324
0.5013852119445801
0.5097894668579102
0.4938697814941406
0.5029175281524658
0.4947631359100342
0.4977903366088867
0.508263111114502
0.48993587493896484
0.506087064743042
0.4950697422027588
0.506152868270874
0.5071218013763428
0.4870131015777588
0.5046303272247314
0.5000667572021484
0.49636220932006836
0.51059889793396
0.4931609630584717
0.5019431114196777
0.49301886558532715
0.510899543762207
0.4900853633880615
0.5036273002624512
0.5073075294494629
0.49188971519470215
0.49393653869628906
0.507720947265625
0.4977545738220215
0.4954719543457031
0.5031247138977051
0.5043551921844482
0.4932863712310791
0.5068929195404053
0.4969916343688965
0.5004816055297852
0.49423813819885254
0.5002961158752441
0.5139973163604736
0.4970378875732422
0.4967503547668457
0.5069470405578613
0.4973621368408203
0.49437856674194336
0.5061204433441162
0.4935595989227295
0.4959523677825928
0.5092220306396484
0.5024511814117432
0.49536943435668945
0.504807710647583
0.49857497215270996
0.48878979682922363
0.5048654079437256
0.4960470199584961
0.5056111812591553
0.5034377574920654
0.4956026077270508
0.49799394607543945
0.5077469348907471
0.4993748664855957
0.4913346767425537
0.4986293315887451
0.5037853717803955
0.5043456554412842
0.4996931552886963
0.49221205711364746
0.5060088634490967
0.5041065216064453
0.5025022029876709
0.4843134880065918
0.504218339920044
0.508080244064331
0.49408888816833496
0.50943922996521
0.4938533306121826
0.49941062927246094
0.4971795082092285
0.5070278644561768
0.4886596202850342
0.5070321559906006
0.5027360916137695
0.49744534492492676
0.5034821033477783
0.49124622344970703
0.49815821647644043
0.5070760250091553
0.5048935413360596
0.4873335361480713
0.5006299018859863
0.5105249881744385
0.49256372451782227
0.5087838172912598
0.48803281784057617
0.5002701282501221
0.5131292343139648
0.49488186836242676
0.5022621154785156
0.495699405670166
0.5072441101074219
0.4892120361328125
0.5095350742340088
0.4865589141845703
0.5119547843933105
0.4982881546020508
0.5000228881835938
0.4975621700286865
0.4988722801208496
0.4983222484588623
0.5052471160888672
0.5002963542938232
0.49997401237487793
0.49890685081481934
0.49692845344543457
0.5024929046630859
0.49835777282714844
0.49854183197021484
0.49991321563720703
0.4971349239349365
0.49926042556762695
0.5033614635467529
0.49626636505126953
0.49849677085876465
0.510739803314209
0.503359317779541
0.495250940322876
0.4949650764465332
0.5050821304321289
0.5044798851013184
0.4881412982940674
0.5046267509460449
0.4969353675842285
0.5017454624176025
0.5069770812988281
0.4933509826660156
0.4990255832672119
0.501168966293335
0.4990677833557129
0.49615049362182617
0.502058744430542
0.5059969425201416
0.5064575672149658
0.49914979934692383
0.4846339225769043
0.503453254699707
0.5047028064727783
0.49388599395751953
0.5049049854278564
0.5006468296051025
0.5071673393249512
0.4986720085144043
0.4880342483520508
0.5062105655670166
0.5026397705078125
0.49407410621643066
0.5073666572570801
0.501173734664917
0.49695611000061035
0.4914870262145996
0.5017051696777344
0.5028586387634277
0.4971611499786377
0.5123481750488281
0.4873981475830078
0.508948564529419
0.49031686782836914
0.4990870952606201
0.5053279399871826
0.5025629997253418
0.4963107109069824
0.5103998184204102
0.49287843704223633
0.5038270950317383
0.4909341335296631
0.5010929107666016
0.5000746250152588
0.4968123435974121
0.5138399600982666
0.49114179611206055
0.4944279193878174
0.5084574222564697
0.4973757266998291
0.4989655017852783
0.5086801052093506
0.4914722442626953
0.49924778938293457
0.5079607963562012
0.49341797828674316
0.5055599212646484
0.5017681121826172
0.4892537593841553
0.5133144855499268
0.49228382110595703
0.49909138679504395
0.49239587783813477
0.5155725479125977
0.4972538948059082
0.48732733726501465
0.5141935348510742
0.49221205711364746
0.4941091537475586
0.502079963684082
0.5027611255645752
0.5100197792053223
0.4903554916381836
0.5062599182128906
0.4986000061035156
0.4987037181854248
0.4960970878601074
0.5001676082611084
0.49613094329833984
0.5032751560211182
0.5003318786621094
0.497607946395874
0.503899335861206
0.49671196937561035
0.5062339305877686
0.49604225158691406
0.5043628215789795
0.48928308486938477
0.5005366802215576
0.5061187744140625
0.49837160110473633
0.500098466873169
0.4959747791290283
0.502596378326416
0.5059549808502197
0.4949831962585449
0.503530740737915
0.5011520385742188
0.49544811248779297
0.509274959564209
0.48967623710632324
0.5018630027770996
0.4966602325439453
0.5135459899902344
0.4892747402191162
0.49910783767700195
0.50498366355896
0.49747800827026367
0.49588990211486816
0.49971985816955566
0.5009973049163818
0.5029513835906982
0.4990119934082031
0.4961819648742676
0.5088553428649902
0.5030422210693359
0.4909212589263916
0.5097413063049316
0.4969923496246338
0.5026049613952637
0.49307680130004883
0.5021138191223145
0.4955575466156006
0.5003409385681152
0.49858880043029785
0.5043814182281494
0.4931321144104004
0.5128672122955322
0.4982268810272217
0.5045831203460693
0.4939725399017334
0.49877429008483887
0.49905991554260254
0.507544755935669
0.49709343910217285
0.49202632904052734
0.49686479568481445
0.5038654804229736
0.49991583824157715
0.5088286399841309
0.4929797649383545
0.499373197555542
0.5047502517700195
0.49754953384399414
0.5057690143585205
0.4951164722442627
0.4970710277557373
0.5062639713287354
0.4898192882537842
0.5051631927490234
0.5058572292327881
0.5011627674102783
0.4971306324005127
0.5030746459960938
0.4992365837097168
0.499406099319458
0.5024232864379883
0.4838273525238037
0.5000340938568115
0.5096092224121094
0.4993298053741455
0.49893784523010254
0.4966599941253662
0.5003349781036377
0.5034940242767334
0.49364662170410156
0.5033376216888428
0.4961848258972168
0.5067198276519775
0.5031864643096924
0.5028083324432373
0.4887080192565918
0.5104200839996338
0.4927051067352295
0.4988579750061035
0.49605369567871094
0.5101113319396973
0.5008218288421631
0.49397754669189453
0.5000491142272949
0.4953739643096924
0.5081198215484619
0.4907248020172119
0.5081338882446289
0.4949789047241211
0.49637436866760254
0.5049550533294678
0.5013415813446045
0.5099015235900879
0.49225306510925293
0.49611449241638184
0.5003843307495117
0.5002174377441406
0.5083751678466797
0.4917018413543701
0.5044350624084473
0.49529027938842773
0.5096864700317383
0.48989009857177734
0.5036220550537109
0.4999687671661377
0.49559879302978516
0.4983201026916504
0.5087072849273682
0.4945187568664551
0.5034866333007812
0.501610517501831
0.4921448230743408
0.5091476440429688
0.4962019920349121
0.49397706985473633
0.5098526477813721
0.5021898746490479
0.49582529067993164
0.49163246154785156
0.502443790435791
0.5016562938690186
0.49708056449890137
0.5017614364624023
0.5107691287994385
0.49335217475891113
0.4986684322357178
0.5066587924957275
0.4890930652618408
0.5079104900360107
0.504810094833374
0.49335813522338867
0.5057244300842285
0.49826645851135254
0.49256229400634766
0.5099191665649414
0.4958000183105469
0.4967648983001709
0.5010261535644531
0.5002694129943848
0.49802374839782715
0.5038340091705322
0.503260612487793
0.4917490482330322
0.49959754943847656
0.5052657127380371
0.4901275634765625
0.5097429752349854
0.5018143653869629
0.49614787101745605
0.5053825378417969
0.49013209342956543
0.5071432590484619
